3 0.369629 0.701823 0.461914 0.489583
3 0.622070 0.737630 0.302734 0.425781
3 0.845215 0.522135 0.190430 0.184896
3 0.777832 0.723958 0.227539 0.372396
3 0.635254 0.194010 0.182617 0.210938
3 0.906250 0.286458 0.187500 0.265625
3 0.655762 0.402344 0.161133 0.179688
3 0.161621 0.446615 0.196289 0.226562
3 0.117676 0.742188 0.233398 0.515625
3 0.108398 0.258464 0.214844 0.173177
3 0.328125 0.152995 0.291016 0.201823
3 0.468262 0.310547 0.184570 0.188802
3 0.754395 0.201172 0.118164 0.061198
3 0.320312 0.272135 0.142578 0.135417
3 0.440430 0.435547 0.181641 0.160156
3 0.853027 0.795573 0.116211 0.151042
3 0.959961 0.796224 0.070312 0.100260
3 0.921387 0.670573 0.157227 0.210938
