3 0.54362 0.539551 0.292969 0.184570
3 0.765625 0.571777 0.177083 0.166992
3 0.640625 0.433105 0.200521 0.147461
3 0.367839 0.440918 0.326823 0.168945
3 0.28190099999999996 0.708008 0.212240 0.152344
3 0.5826819999999999 0.689941 0.238281 0.155273
3 0.326823 0.557129 0.132812 0.166992
3 0.43359400000000003 0.701660 0.117188 0.143555
3 0.517578 0.306641 0.162760 0.103516
3 0.384115 0.331055 0.093750 0.072266
3 0.7285159999999999 0.298828 0.264323 0.126953
3 0.19205700000000003 0.125977 0.290365 0.125000
3 0.08333299999999999 0.362305 0.166667 0.205078
3 0.792969 0.151367 0.125000 0.117188
3 0.580078 0.184570 0.167969 0.123047
3 0.28190099999999996 0.234863 0.134115 0.065430
3 0.38151 0.166016 0.091146 0.103516
3 0.467448 0.089844 0.197917 0.136719
