3 0.544922 0.545410 0.274740 0.182617
3 0.361328 0.323242 0.282552 0.144531
3 0.112630 0.728516 0.222656 0.154297
3 0.658203 0.826172 0.204427 0.177734
3 0.852214 0.737793 0.201823 0.139648
3 0.882812 0.546875 0.182292 0.140625
3 0.765625 0.633301 0.161458 0.067383
3 0.169922 0.191406 0.220052 0.050781
3 0.514323 0.174805 0.234375 0.041016
3 0.762370 0.354980 0.204427 0.094727
3 0.604167 0.333496 0.184896 0.061523
3 0.597005 0.262695 0.141927 0.089844
3 0.343750 0.076172 0.208333 0.052734
3 0.156250 0.056641 0.309896 0.066406
3 0.523438 0.628906 0.098958 0.062500
3 0.637370 0.657715 0.110677 0.081055
