3 0.151855 0.466797 0.301758 0.196615
3 0.302734 0.197266 0.208984 0.178385
3 0.427734 0.490885 0.251953 0.283854
3 0.371582 0.743490 0.137695 0.218750
3 0.511719 0.664714 0.128906 0.186198
3 0.828125 0.844401 0.220703 0.311198
3 0.875488 0.593099 0.174805 0.201823
3 0.696289 0.596354 0.136719 0.156250
3 0.506836 0.240885 0.179688 0.166667
3 0.474121 0.134115 0.090820 0.067708
3 0.607910 0.393880 0.125977 0.139323
3 0.588379 0.591797 0.114258 0.165365
3 0.115234 0.128906 0.158203 0.130208
3 0.172363 0.196615 0.106445 0.143229
3 0.280762 0.074219 0.124023 0.096354
3 0.937012 0.200521 0.124023 0.122396
3 0.731934 0.376953 0.083008 0.102865
3 0.930664 0.395833 0.099609 0.098958
3 0.962402 0.500000 0.075195 0.091146
3 0.872559 0.452474 0.114258 0.102865
3 0.325195 0.904297 0.144531 0.191406
3 0.650391 0.827474 0.115234 0.188802
3 0.856934 0.082682 0.131836 0.123698
3 0.742676 0.462240 0.083008 0.109375
3 0.675293 0.475911 0.116211 0.149740
3 0.507812 0.499349 0.093750 0.134115
3 0.553711 0.496094 0.072266 0.088542
3 0.363770 0.572917 0.100586 0.177083
3 0.284668 0.361979 0.145508 0.145833
3 0.653320 0.292969 0.072266 0.065104
