3 0.640137 0.386719 0.241211 0.351562
3 0.398926 0.241536 0.264648 0.311198
3 0.336426 0.520833 0.241211 0.312500
3 0.557129 0.715495 0.221680 0.329427
3 0.05957000000000001 0.449870 0.119141 0.196615
3 0.19677699999999998 0.320312 0.096680 0.213542
3 0.08691400000000005 0.286458 0.134766 0.151042
3 0.7714840000000001 0.607422 0.101562 0.144531
3 0.879883 0.596354 0.101562 0.114583
3 0.937012 0.702474 0.098633 0.167969
3 0.836426 0.726562 0.088867 0.104167
3 0.35546900000000003 0.672526 0.183594 0.170573
3 0.7402340000000001 0.509766 0.087891 0.115885
