3 0.455078 0.545410 0.274740 0.182617
3 0.638672 0.323242 0.282552 0.144531
3 0.88737 0.728516 0.222656 0.154297
3 0.341797 0.826172 0.204427 0.177734
3 0.14778599999999997 0.737793 0.201823 0.139648
3 0.11718799999999996 0.546875 0.182292 0.140625
3 0.234375 0.633301 0.161458 0.067383
3 0.830078 0.191406 0.220052 0.050781
3 0.485677 0.174805 0.234375 0.041016
3 0.23763 0.354980 0.204427 0.094727
3 0.395833 0.333496 0.184896 0.061523
3 0.402995 0.262695 0.141927 0.089844
3 0.65625 0.076172 0.208333 0.052734
3 0.84375 0.056641 0.309896 0.066406
3 0.47656200000000004 0.628906 0.098958 0.062500
3 0.36263 0.657715 0.110677 0.081055
