3 0.630371 0.701823 0.461914 0.489583
3 0.37793 0.737630 0.302734 0.425781
3 0.15478499999999995 0.522135 0.190430 0.184896
3 0.22216800000000003 0.723958 0.227539 0.372396
3 0.364746 0.194010 0.182617 0.210938
3 0.09375 0.286458 0.187500 0.265625
3 0.34423800000000004 0.402344 0.161133 0.179688
3 0.838379 0.446615 0.196289 0.226562
3 0.882324 0.742188 0.233398 0.515625
3 0.891602 0.258464 0.214844 0.173177
3 0.671875 0.152995 0.291016 0.201823
3 0.531738 0.310547 0.184570 0.188802
3 0.24560499999999996 0.201172 0.118164 0.061198
3 0.6796880000000001 0.272135 0.142578 0.135417
3 0.55957 0.435547 0.181641 0.160156
3 0.14697300000000002 0.795573 0.116211 0.151042
3 0.04003900000000005 0.796224 0.070312 0.100260
3 0.07861300000000004 0.670573 0.157227 0.210938
