3 0.439453 0.599121 0.295573 0.192383
3 0.464193 0.834961 0.279948 0.220703
3 0.692057 0.509766 0.212240 0.152344
3 0.236979 0.434082 0.335938 0.231445
3 0.190104 0.193359 0.250000 0.205078
3 0.149740 0.564941 0.221354 0.149414
3 0.142578 0.692383 0.149740 0.173828
3 0.315755 0.705078 0.227865 0.177734
3 0.904948 0.631348 0.190104 0.211914
3 0.822917 0.164062 0.325521 0.320312
3 0.638021 0.327637 0.229167 0.165039
3 0.523438 0.434570 0.210938 0.218750
3 0.845052 0.462891 0.216146 0.123047
3 0.483073 0.100586 0.161458 0.099609
3 0.537109 0.141113 0.136719 0.110352
3 0.651042 0.090820 0.177083 0.179688
