3 0.848145 0.466797 0.301758 0.196615
3 0.6972659999999999 0.197266 0.208984 0.178385
3 0.5722659999999999 0.490885 0.251953 0.283854
3 0.6284179999999999 0.743490 0.137695 0.218750
3 0.48828099999999997 0.664714 0.128906 0.186198
3 0.171875 0.844401 0.220703 0.311198
3 0.12451199999999996 0.593099 0.174805 0.201823
3 0.30371099999999995 0.596354 0.136719 0.156250
3 0.49316400000000005 0.240885 0.179688 0.166667
3 0.525879 0.134115 0.090820 0.067708
3 0.39209000000000005 0.393880 0.125977 0.139323
3 0.411621 0.591797 0.114258 0.165365
3 0.8847659999999999 0.128906 0.158203 0.130208
3 0.827637 0.196615 0.106445 0.143229
3 0.719238 0.074219 0.124023 0.096354
3 0.06298800000000004 0.200521 0.124023 0.122396
3 0.268066 0.376953 0.083008 0.102865
3 0.06933599999999995 0.395833 0.099609 0.098958
3 0.03759800000000002 0.500000 0.075195 0.091146
3 0.12744100000000003 0.452474 0.114258 0.102865
3 0.674805 0.904297 0.144531 0.191406
3 0.34960899999999995 0.827474 0.115234 0.188802
3 0.14306600000000003 0.082682 0.131836 0.123698
3 0.257324 0.462240 0.083008 0.109375
3 0.32470699999999997 0.475911 0.116211 0.149740
3 0.49218799999999996 0.499349 0.093750 0.134115
3 0.44628900000000005 0.496094 0.072266 0.088542
3 0.6362300000000001 0.572917 0.100586 0.177083
3 0.7153320000000001 0.361979 0.145508 0.145833
3 0.34668 0.292969 0.072266 0.065104
