3 0.505859 0.412109 0.308594 0.199219
3 0.241536 0.519043 0.274740 0.104492
3 0.537109 0.676270 0.240885 0.196289
3 0.708333 0.663574 0.265625 0.198242
3 0.890625 0.725586 0.158854 0.154297
3 0.866536 0.830566 0.201823 0.176758
3 0.753906 0.274902 0.281250 0.200195
3 0.872396 0.419922 0.169271 0.113281
3 0.741536 0.453125 0.170573 0.109375
3 0.647786 0.562500 0.180990 0.123047
3 0.372396 0.261719 0.239583 0.162109
3 0.422526 0.196777 0.274740 0.166992
3 0.184245 0.179199 0.220052 0.137695
3 0.227865 0.323242 0.229167 0.134766
