3 0.49414100000000005 0.412109 0.308594 0.199219
3 0.758464 0.519043 0.274740 0.104492
3 0.46289100000000005 0.676270 0.240885 0.196289
3 0.291667 0.663574 0.265625 0.198242
3 0.109375 0.725586 0.158854 0.154297
3 0.13346400000000003 0.830566 0.201823 0.176758
3 0.24609400000000003 0.274902 0.281250 0.200195
3 0.12760400000000005 0.419922 0.169271 0.113281
3 0.258464 0.453125 0.170573 0.109375
3 0.352214 0.562500 0.180990 0.123047
3 0.627604 0.261719 0.239583 0.162109
3 0.577474 0.196777 0.274740 0.166992
3 0.815755 0.179199 0.220052 0.137695
3 0.772135 0.323242 0.229167 0.134766
