3 0.560547 0.599121 0.295573 0.192383
3 0.5358069999999999 0.834961 0.279948 0.220703
3 0.30794299999999997 0.509766 0.212240 0.152344
3 0.763021 0.434082 0.335938 0.231445
3 0.809896 0.193359 0.250000 0.205078
3 0.85026 0.564941 0.221354 0.149414
3 0.857422 0.692383 0.149740 0.173828
3 0.684245 0.705078 0.227865 0.177734
3 0.09505200000000003 0.631348 0.190104 0.211914
3 0.177083 0.164062 0.325521 0.320312
3 0.36197900000000005 0.327637 0.229167 0.165039
3 0.47656200000000004 0.434570 0.210938 0.218750
3 0.15494799999999997 0.462891 0.216146 0.123047
3 0.516927 0.100586 0.161458 0.099609
3 0.46289100000000005 0.141113 0.136719 0.110352
3 0.348958 0.090820 0.177083 0.179688
