3 0.107910 0.572266 0.213867 0.295573
3 0.439453 0.531901 0.279297 0.332031
3 0.628906 0.572917 0.181641 0.190104
3 0.317871 0.745443 0.221680 0.272135
3 0.694824 0.805990 0.165039 0.260417
3 0.837402 0.766927 0.110352 0.135417
3 0.926758 0.884766 0.146484 0.212240
3 0.815430 0.889323 0.083984 0.148438
3 0.545410 0.317057 0.155273 0.165365
3 0.422852 0.274089 0.101562 0.105469
3 0.405762 0.356120 0.149414 0.095052
3 0.691406 0.324870 0.126953 0.108073
3 0.676270 0.243490 0.122070 0.088542
3 0.823242 0.326823 0.218750 0.223958
3 0.950684 0.425781 0.098633 0.132812
3 0.788574 0.636068 0.166992 0.162760
3 0.655273 0.713542 0.109375 0.122396
3 0.560059 0.794922 0.098633 0.110677
3 0.681152 0.141276 0.135742 0.074219
3 0.269043 0.208984 0.081055 0.069010
3 0.837402 0.143880 0.071289 0.066406
3 0.910156 0.140625 0.078125 0.067708
3 0.775879 0.093099 0.061523 0.061198
3 0.823242 0.055339 0.068359 0.076823
3 0.093262 0.182943 0.086914 0.092448
3 0.288086 0.411458 0.197266 0.171875
3 0.580078 0.354818 0.113281 0.110677
3 0.620605 0.451172 0.120117 0.097656
3 0.758301 0.451172 0.192383 0.207031
3 0.243652 0.619792 0.153320 0.177083
