3 0.759115 0.770508 0.385417 0.357422
3 0.378255 0.652344 0.430990 0.308594
3 0.33984400000000003 0.458496 0.312500 0.129883
3 0.20898399999999995 0.893555 0.417969 0.212891
3 0.884115 0.535645 0.229167 0.291992
3 0.888021 0.285156 0.177083 0.128906
3 0.7441409999999999 0.341797 0.240885 0.095703
3 0.576172 0.479980 0.240885 0.250977
3 0.416667 0.341309 0.130208 0.104492
3 0.503255 0.711914 0.277344 0.207031
3 0.588542 0.279297 0.114583 0.113281
3 0.730469 0.348633 0.242188 0.123047
3 0.727214 0.246094 0.188802 0.060547
3 0.48763 0.278809 0.160156 0.104492
3 0.882161 0.131836 0.173177 0.109375
3 0.935547 0.190918 0.113281 0.098633
3 0.897135 0.038086 0.093750 0.070312
