3 0.305339 0.754395 0.274740 0.176758
3 0.832682 0.446777 0.334635 0.233398
3 0.832682 0.669922 0.243490 0.308594
3 0.548828 0.623535 0.319010 0.266602
3 0.576172 0.375488 0.214844 0.219727
3 0.432292 0.341309 0.187500 0.129883
3 0.311849 0.454590 0.222656 0.143555
3 0.163411 0.321777 0.269531 0.227539
3 0.305339 0.170410 0.246094 0.166992
3 0.425130 0.068359 0.180990 0.134766
3 0.121094 0.883301 0.239583 0.211914
3 0.477865 0.943359 0.291667 0.113281
3 0.509115 0.870605 0.216146 0.147461
3 0.088542 0.725586 0.174479 0.154297
3 0.243490 0.052734 0.169271 0.103516
3 0.830729 0.089844 0.223958 0.177734
