2 0.18359400000000003 0.389245 0.267578 0.371319
2 0.24755899999999997 0.258003 0.125977 0.195903
2 0.299316 0.660691 0.235352 0.291933
2 0.557129 0.633163 0.233398 0.247119
2 0.5380860000000001 0.851472 0.146484 0.233035
2 0.5581050000000001 0.318822 0.110352 0.169014
2 0.45898399999999995 0.404609 0.146484 0.186940
2 0.349121 0.180538 0.151367 0.338028
2 0.20898399999999995 0.104994 0.175781 0.153649
2 0.776367 0.499360 0.220703 0.371319
2 0.657715 0.364917 0.151367 0.240717
2 0.549805 0.318182 0.093750 0.144686
2 0.644531 0.848912 0.181641 0.302177
