2 0.233724 0.472656 0.441406 0.294922
2 0.373047 0.754883 0.410156 0.333984
2 0.611979 0.623047 0.388021 0.347656
2 0.848307 0.498535 0.303385 0.336914
2 0.771484 0.280273 0.243490 0.181641
2 0.531250 0.246094 0.252604 0.136719
2 0.550130 0.322266 0.243490 0.134766
2 0.554036 0.422852 0.178385 0.130859
1 0.910156 0.719727 0.179688 0.138672
1 0.817708 0.836426 0.177083 0.182617
1 0.811198 0.948730 0.213542 0.102539
1 0.108724 0.847168 0.214844 0.137695
1 0.054036 0.907227 0.105469 0.123047
1 0.145182 0.733398 0.220052 0.142578
1 0.123047 0.356934 0.170573 0.108398
1 0.072917 0.278320 0.143229 0.076172
