2 0.739258 0.464228 0.164062 0.274797
2 0.677246 0.634959 0.106445 0.239024
2 0.608887 0.494309 0.118164 0.221138
2 0.446777 0.586179 0.118164 0.226016
2 0.330566 0.631707 0.112305 0.154472
2 0.447754 0.717886 0.094727 0.154472
2 0.26415999999999995 0.507317 0.131836 0.237398
2 0.353027 0.400813 0.139648 0.170732
2 0.649902 0.247154 0.125977 0.237398
2 0.194824 0.310569 0.122070 0.143089
2 0.11914100000000005 0.379675 0.103516 0.180488
2 0.517578 0.704878 0.076172 0.154472
2 0.773926 0.208943 0.129883 0.196748
2 0.860352 0.185366 0.126953 0.182114
2 0.953125 0.223577 0.091797 0.232520
2 0.541504 0.213821 0.079102 0.108943
