2 0.652995 0.467773 0.347656 0.267578
2 0.812500 0.622070 0.375000 0.263672
2 0.720052 0.284668 0.299479 0.120117
2 0.580729 0.325684 0.130208 0.073242
2 0.791667 0.843262 0.333333 0.157227
2 0.221354 0.721191 0.330729 0.282227
2 0.507161 0.916016 0.373698 0.167969
2 0.244792 0.365723 0.231771 0.237305
2 0.354818 0.182617 0.170573 0.203125
2 0.546875 0.240723 0.335938 0.227539
2 0.712240 0.121582 0.260417 0.157227
2 0.464193 0.091309 0.227865 0.180664
2 0.488281 0.918457 0.286458 0.163086
2 0.389974 0.771973 0.173177 0.219727
