2 0.217882 0.490723 0.345486 0.172852
2 0.513021 0.663574 0.279514 0.190430
2 0.376736 0.812988 0.291667 0.178711
2 0.637153 0.574219 0.267361 0.146484
2 0.566840 0.453125 0.293403 0.167969
2 0.578993 0.194824 0.355903 0.163086
2 0.228299 0.263672 0.289931 0.148438
2 0.267361 0.386719 0.295139 0.125000
2 0.441840 0.038574 0.282986 0.075195
2 0.838542 0.265625 0.236111 0.134766
2 0.759549 0.371094 0.206597 0.140625
2 0.107639 0.693359 0.211806 0.146484
2 0.270833 0.739258 0.222222 0.181641
2 0.410590 0.548828 0.213542 0.144531
