2 0.70638 0.540527 0.240885 0.208008
2 0.415365 0.448242 0.260417 0.171875
2 0.44205700000000003 0.600586 0.175781 0.138672
2 0.5058590000000001 0.820312 0.160156 0.171875
2 0.748047 0.734863 0.295573 0.178711
2 0.734375 0.900879 0.195312 0.176758
2 0.597656 0.940918 0.236979 0.118164
2 0.445964 0.757812 0.256510 0.193359
2 0.513672 0.282227 0.180990 0.160156
2 0.91862 0.242188 0.160156 0.191406
2 0.891276 0.492188 0.214844 0.154297
2 0.25781200000000004 0.210938 0.247396 0.109375
2 0.49544299999999997 0.124023 0.253906 0.158203
2 0.720703 0.147461 0.298177 0.111328
