2 0.397786 0.773926 0.220052 0.155273
2 0.475911 0.658203 0.144531 0.216797
2 0.507812 0.556152 0.213542 0.206055
2 0.344401 0.598633 0.126302 0.167969
2 0.303385 0.366699 0.174479 0.165039
2 0.552734 0.316895 0.194010 0.163086
2 0.458333 0.184082 0.125000 0.153320
2 0.352865 0.242676 0.145833 0.133789
2 0.327474 0.117188 0.160156 0.123047
2 0.547526 0.146973 0.126302 0.106445
2 0.581380 0.252930 0.157552 0.121094
2 0.454427 0.184082 0.117188 0.139648
2 0.657552 0.078613 0.239583 0.155273
0 0.098958 0.562500 0.148438 0.117188
