2 0.490723 0.521484 0.131836 0.183594
2 0.523926 0.442057 0.122070 0.123698
2 0.48584000000000005 0.280599 0.131836 0.136719
2 0.704102 0.342448 0.099609 0.098958
2 0.6049800000000001 0.333333 0.104492 0.104167
2 0.720215 0.221354 0.094727 0.106771
2 0.813965 0.179688 0.061523 0.070312
2 0.35546900000000003 0.449870 0.117188 0.194010
2 0.318848 0.125000 0.086914 0.098958
2 0.398926 0.119792 0.088867 0.114583
2 0.29199200000000003 0.330078 0.105469 0.167969
2 0.272949 0.180339 0.092773 0.105469
0 0.11962899999999999 0.572917 0.159180 0.210938
2 0.21289100000000005 0.724609 0.132812 0.183594
2 0.29345699999999997 0.839844 0.086914 0.098958
2 0.730469 0.754557 0.062500 0.100260
2 0.82959 0.777995 0.069336 0.095052
2 0.84668 0.881510 0.072266 0.106771
2 0.57959 0.699870 0.059570 0.087240
2 0.918457 0.877604 0.065430 0.101562
2 0.320801 0.574870 0.104492 0.167969
