2 0.358507 0.527344 0.338542 0.169922
2 0.7100690000000001 0.598145 0.531250 0.317383
2 0.421007 0.345703 0.425347 0.181641
2 0.6753469999999999 0.168945 0.336806 0.128906
2 0.417535 0.174805 0.390625 0.175781
2 0.15538200000000002 0.073730 0.310764 0.145508
2 0.08767400000000003 0.173340 0.175347 0.184570
2 0.11371500000000001 0.474121 0.227431 0.135742
2 0.09027799999999997 0.264648 0.180556 0.138672
2 0.692708 0.060059 0.246528 0.118164
2 0.8680559999999999 0.082031 0.260417 0.162109
2 0.911458 0.336914 0.173611 0.197266
2 0.6475690000000001 0.310059 0.406250 0.229492
