2 0.611979 0.638184 0.296875 0.293945
2 0.669922 0.194824 0.511719 0.272461
2 0.182292 0.310547 0.364583 0.316406
2 0.33398399999999995 0.441406 0.212240 0.193359
2 0.09505200000000003 0.638672 0.190104 0.285156
2 0.317708 0.768066 0.356771 0.303711
2 0.6516930000000001 0.791016 0.324219 0.279297
2 0.86263 0.299805 0.272135 0.292969
2 0.863932 0.095215 0.269531 0.188477
2 0.345052 0.113281 0.361979 0.224609
2 0.09960899999999995 0.287109 0.199219 0.216797
2 0.30859400000000003 0.906738 0.333333 0.186523
2 0.878255 0.860840 0.240885 0.213867
