2 0.299479 0.664062 0.377604 0.283203
2 0.774740 0.496582 0.351562 0.184570
2 0.544922 0.303711 0.326823 0.179688
2 0.468099 0.503906 0.292969 0.183594
2 0.537760 0.725586 0.281250 0.138672
2 0.536458 0.903809 0.364583 0.192383
2 0.135417 0.890625 0.268229 0.218750
2 0.222656 0.441406 0.239583 0.156250
2 0.125651 0.567871 0.217448 0.170898
2 0.335286 0.867188 0.334635 0.265625
2 0.818359 0.822754 0.292969 0.278320
2 0.718750 0.643555 0.145833 0.074219
2 0.145833 0.283203 0.156250 0.099609
2 0.262370 0.226074 0.136719 0.061523
2 0.886068 0.133301 0.162760 0.100586
2 0.777344 0.265625 0.111979 0.082031
2 0.745443 0.104980 0.149740 0.096680
2 0.156250 0.155273 0.197917 0.099609
2 0.311849 0.123535 0.102865 0.059570
2 0.667969 0.196289 0.078125 0.050781
2 0.656901 0.139160 0.079427 0.051758
