2 0.569661 0.828613 0.162760 0.127930
2 0.638672 0.695312 0.180990 0.150391
2 0.611328 0.530762 0.180990 0.135742
2 0.5110680000000001 0.598633 0.134115 0.097656
2 0.48502599999999996 0.660156 0.076823 0.093750
2 0.47135400000000005 0.805664 0.119792 0.113281
2 0.695964 0.955078 0.126302 0.089844
2 0.45898399999999995 0.481445 0.128906 0.105469
2 0.83138 0.227051 0.128906 0.098633
2 0.694661 0.183594 0.134115 0.091797
2 0.6035159999999999 0.402344 0.131510 0.105469
2 0.686849 0.264160 0.095052 0.090820
2 0.354167 0.055176 0.085938 0.063477
2 0.23372400000000004 0.190918 0.095052 0.083008
2 0.34830700000000003 0.242676 0.089844 0.084961
2 0.21484400000000003 0.114746 0.075521 0.069336
2 0.44010400000000005 0.248047 0.065104 0.078125
2 0.561849 0.241699 0.110677 0.086914
2 0.561198 0.329102 0.075521 0.068359
2 0.47981799999999997 0.339844 0.128906 0.095703
2 0.33268200000000003 0.150879 0.079427 0.086914
2 0.45247400000000004 0.068359 0.076823 0.056641
2 0.042969000000000035 0.078613 0.085938 0.071289
