2 0.766276 0.472656 0.441406 0.294922
2 0.626953 0.754883 0.410156 0.333984
2 0.38802099999999995 0.623047 0.388021 0.347656
2 0.15169299999999997 0.498535 0.303385 0.336914
2 0.22851600000000005 0.280273 0.243490 0.181641
2 0.46875 0.246094 0.252604 0.136719
2 0.44987 0.322266 0.243490 0.134766
2 0.445964 0.422852 0.178385 0.130859
1 0.08984400000000003 0.719727 0.179688 0.138672
1 0.182292 0.836426 0.177083 0.182617
1 0.18880200000000003 0.948730 0.213542 0.102539
1 0.891276 0.847168 0.214844 0.137695
1 0.945964 0.907227 0.105469 0.123047
1 0.854818 0.733398 0.220052 0.142578
1 0.876953 0.356934 0.170573 0.108398
1 0.927083 0.278320 0.143229 0.076172
