2 0.688368 0.647949 0.505208 0.211914
2 0.505208 0.881836 0.381944 0.236328
2 0.847222 0.814453 0.302083 0.197266
2 0.627604 0.325195 0.317708 0.146484
2 0.238715 0.663574 0.293403 0.184570
2 0.390625 0.471191 0.336806 0.184570
2 0.26822900000000005 0.291016 0.244792 0.093750
2 0.45920099999999997 0.281738 0.248264 0.118164
2 0.6631940000000001 0.479492 0.322917 0.097656
2 0.422743 0.065430 0.206597 0.105469
1 0.9288190000000001 0.430176 0.138889 0.065430
1 0.20052099999999995 0.445312 0.140625 0.083984
