2 0.218125 0.307500 0.141250 0.201667
2 0.078125 0.445833 0.153750 0.245000
2 0.173750 0.683333 0.125000 0.226667
2 0.322500 0.628333 0.165000 0.253333
2 0.227500 0.866667 0.110000 0.196667
2 0.420625 0.845000 0.246250 0.310000
2 0.666875 0.785833 0.341250 0.428333
2 0.780000 0.645833 0.265000 0.428333
2 0.371875 0.487500 0.328750 0.278333
2 0.619375 0.300000 0.236250 0.363333
2 0.512500 0.213333 0.220000 0.260000
2 0.892500 0.355833 0.162500 0.258333
2 0.923125 0.539167 0.103750 0.208333
2 0.814375 0.603333 0.186250 0.120000
2 0.933750 0.700000 0.132500 0.133333
2 0.931875 0.845000 0.136250 0.310000
2 0.638125 0.548333 0.143750 0.216667
2 0.274375 0.065000 0.198750 0.126667
2 0.178125 0.229167 0.128750 0.165000
2 0.074375 0.114167 0.146250 0.158333
2 0.061250 0.252500 0.120000 0.178333
