2 0.583166 0.781250 0.136273 0.189453
2 0.464930 0.822754 0.100200 0.106445
2 0.396794 0.898926 0.124248 0.161133
2 0.470942 0.960938 0.134269 0.078125
2 0.630762 0.624512 0.155311 0.170898
2 0.523046 0.625488 0.146293 0.122070
2 0.426854 0.708984 0.140281 0.160156
2 0.486974 0.521973 0.126253 0.110352
2 0.622745 0.500000 0.127255 0.140625
2 0.487976 0.439453 0.098196 0.097656
2 0.664329 0.416504 0.114228 0.129883
2 0.543086 0.381348 0.112224 0.102539
2 0.523046 0.348633 0.116232 0.109375
2 0.634269 0.293457 0.128257 0.106445
2 0.751002 0.272949 0.109218 0.106445
2 0.163828 0.438477 0.121242 0.101562
2 0.369238 0.340332 0.103206 0.088867
2 0.452906 0.282715 0.098196 0.104492
2 0.223948 0.352051 0.097194 0.116211
2 0.261523 0.286621 0.118236 0.139648
2 0.372745 0.160156 0.128257 0.123047
2 0.077655 0.267578 0.111222 0.119141
2 0.192385 0.257812 0.108216 0.097656
2 0.178357 0.194824 0.112224 0.067383
2 0.270541 0.177246 0.124248 0.081055
2 0.129259 0.352051 0.092184 0.086914
2 0.063627 0.445312 0.081162 0.078125
2 0.337174 0.082520 0.111222 0.088867
2 0.447395 0.074707 0.081162 0.079102
2 0.532064 0.179199 0.086172 0.077148
2 0.493988 0.103516 0.080160 0.099609
2 0.524549 0.113770 0.089178 0.067383
2 0.530060 0.347656 0.114228 0.111328
2 0.268537 0.097168 0.132265 0.051758
2 0.417836 0.185059 0.112224 0.094727
