2 0.293620 0.540527 0.240885 0.208008
2 0.584635 0.448242 0.260417 0.171875
2 0.557943 0.600586 0.175781 0.138672
2 0.494141 0.820312 0.160156 0.171875
2 0.251953 0.734863 0.295573 0.178711
2 0.265625 0.900879 0.195312 0.176758
2 0.402344 0.940918 0.236979 0.118164
2 0.554036 0.757812 0.256510 0.193359
2 0.486328 0.282227 0.180990 0.160156
2 0.081380 0.242188 0.160156 0.191406
2 0.108724 0.492188 0.214844 0.154297
2 0.742188 0.210938 0.247396 0.109375
2 0.504557 0.124023 0.253906 0.158203
2 0.279297 0.147461 0.298177 0.111328
