2 0.494792 0.688965 0.346354 0.319336
2 0.809245 0.611328 0.360677 0.242188
2 0.85026 0.127441 0.296875 0.252930
2 0.592448 0.086914 0.403646 0.171875
2 0.234375 0.302246 0.341146 0.274414
2 0.45052099999999995 0.461426 0.354167 0.247070
2 0.19726600000000005 0.542969 0.238281 0.300781
2 0.14192700000000003 0.872559 0.283854 0.254883
2 0.5670569999999999 0.927246 0.305990 0.145508
2 0.794271 0.921875 0.187500 0.156250
2 0.804688 0.765625 0.278646 0.148438
2 0.6640619999999999 0.300293 0.492188 0.385742
2 0.34960899999999995 0.898438 0.261719 0.203125
