2 0.632324 0.315755 0.159180 0.196615
2 0.735352 0.458333 0.119141 0.158854
2 0.748535 0.615885 0.127930 0.164062
2 0.160645 0.612630 0.147461 0.167969
2 0.371094 0.573568 0.121094 0.191406
2 0.462891 0.626302 0.158203 0.187500
2 0.319336 0.717448 0.119141 0.145833
2 0.532715 0.445964 0.102539 0.186198
2 0.200195 0.412760 0.134766 0.197917
2 0.392090 0.217448 0.194336 0.166667
2 0.529297 0.306641 0.128906 0.170573
2 0.043945 0.604818 0.085938 0.160156
2 0.479980 0.766276 0.135742 0.162760
2 0.902832 0.427734 0.118164 0.118490
2 0.422852 0.405599 0.089844 0.170573
2 0.907227 0.827474 0.185547 0.308594
2 0.831543 0.554688 0.073242 0.164062
