2 0.576172 0.532715 0.191406 0.165039
2 0.90625 0.906738 0.184896 0.186523
2 0.873698 0.790039 0.130208 0.101562
2 0.6764319999999999 0.714844 0.152344 0.160156
2 0.514323 0.699707 0.125000 0.098633
2 0.42643200000000003 0.514160 0.123698 0.127930
2 0.46940099999999996 0.409180 0.173177 0.097656
2 0.520833 0.315430 0.158854 0.099609
2 0.288411 0.334473 0.144531 0.110352
2 0.314453 0.224121 0.209635 0.151367
2 0.15169299999999997 0.122070 0.152344 0.064453
2 0.15169299999999997 0.225586 0.115885 0.089844
