2 0.700521 0.664062 0.377604 0.283203
2 0.22526000000000002 0.496582 0.351562 0.184570
2 0.455078 0.303711 0.326823 0.179688
2 0.531901 0.503906 0.292969 0.183594
2 0.46224 0.725586 0.281250 0.138672
2 0.463542 0.903809 0.364583 0.192383
2 0.864583 0.890625 0.268229 0.218750
2 0.777344 0.441406 0.239583 0.156250
2 0.874349 0.567871 0.217448 0.170898
2 0.664714 0.867188 0.334635 0.265625
2 0.18164100000000005 0.822754 0.292969 0.278320
2 0.28125 0.643555 0.145833 0.074219
2 0.854167 0.283203 0.156250 0.099609
2 0.73763 0.226074 0.136719 0.061523
2 0.11393200000000003 0.133301 0.162760 0.100586
2 0.22265599999999997 0.265625 0.111979 0.082031
2 0.25455700000000003 0.104980 0.149740 0.096680
2 0.84375 0.155273 0.197917 0.099609
2 0.688151 0.123535 0.102865 0.059570
2 0.33203099999999997 0.196289 0.078125 0.050781
2 0.34309900000000004 0.139160 0.079427 0.051758
