2 0.421875 0.454427 0.267578 0.343750
2 0.19775399999999999 0.581380 0.325195 0.446615
2 0.646973 0.783854 0.293945 0.401042
2 0.813477 0.828125 0.253906 0.333333
2 0.751465 0.516276 0.188477 0.238281
2 0.92041 0.646484 0.157227 0.235677
2 0.6674800000000001 0.299479 0.252930 0.281250
2 0.48486300000000004 0.151042 0.360352 0.299479
2 0.15576199999999996 0.100260 0.311523 0.197917
2 0.797852 0.138021 0.160156 0.236979
2 0.784668 0.286458 0.178711 0.255208
2 0.907715 0.529297 0.182617 0.207031
2 0.24707 0.233073 0.212891 0.242188
