2 0.347005 0.467773 0.347656 0.267578
2 0.1875 0.622070 0.375000 0.263672
2 0.279948 0.284668 0.299479 0.120117
2 0.41927099999999995 0.325684 0.130208 0.073242
2 0.208333 0.843262 0.333333 0.157227
2 0.778646 0.721191 0.330729 0.282227
2 0.492839 0.916016 0.373698 0.167969
2 0.755208 0.365723 0.231771 0.237305
2 0.6451819999999999 0.182617 0.170573 0.203125
2 0.453125 0.240723 0.335938 0.227539
2 0.28776 0.121582 0.260417 0.157227
2 0.5358069999999999 0.091309 0.227865 0.180664
2 0.511719 0.918457 0.286458 0.163086
2 0.610026 0.771973 0.173177 0.219727
