2 0.49305600000000005 0.390137 0.628472 0.194336
2 0.43142400000000003 0.124023 0.602431 0.246094
2 0.11111099999999996 0.237305 0.222222 0.230469
2 0.677951 0.582520 0.640625 0.293945
2 0.16927099999999995 0.731934 0.338542 0.190430
2 0.8211809999999999 0.172852 0.291667 0.201172
2 0.676215 0.337891 0.279514 0.173828
2 0.36718799999999996 0.913574 0.366319 0.172852
2 0.13368100000000005 0.407715 0.267361 0.161133
2 0.47482599999999997 0.204590 0.289931 0.100586
2 0.21788200000000002 0.576660 0.251736 0.211914
2 0.767361 0.921387 0.461806 0.157227
