2 0.359375 0.472168 0.268229 0.217773
2 0.337240 0.753418 0.289062 0.225586
2 0.565104 0.888672 0.182292 0.169922
2 0.646484 0.708496 0.188802 0.206055
2 0.656250 0.504395 0.346354 0.250977
2 0.727865 0.365234 0.278646 0.183594
2 0.750000 0.221680 0.356771 0.208984
2 0.881510 0.298828 0.132812 0.076172
2 0.355469 0.258789 0.307292 0.240234
2 0.793620 0.736328 0.118490 0.082031
2 0.875000 0.695801 0.132812 0.073242
2 0.842448 0.797852 0.111979 0.089844
2 0.170573 0.147461 0.174479 0.187500
2 0.789714 0.084961 0.399740 0.167969
2 0.412760 0.073730 0.242188 0.145508
