2 0.260742 0.464228 0.164062 0.274797
2 0.322754 0.634959 0.106445 0.239024
2 0.391113 0.494309 0.118164 0.221138
2 0.553223 0.586179 0.118164 0.226016
2 0.669434 0.631707 0.112305 0.154472
2 0.552246 0.717886 0.094727 0.154472
2 0.735840 0.507317 0.131836 0.237398
2 0.646973 0.400813 0.139648 0.170732
2 0.350098 0.247154 0.125977 0.237398
2 0.805176 0.310569 0.122070 0.143089
2 0.880859 0.379675 0.103516 0.180488
2 0.482422 0.704878 0.076172 0.154472
2 0.226074 0.208943 0.129883 0.196748
2 0.139648 0.185366 0.126953 0.182114
2 0.046875 0.223577 0.091797 0.232520
2 0.458496 0.213821 0.079102 0.108943
