2 0.35546900000000003 0.600098 0.270833 0.229492
2 0.41210899999999995 0.757324 0.238281 0.170898
2 0.16731799999999997 0.380859 0.334635 0.322266
2 0.10807299999999997 0.567383 0.216146 0.236328
2 0.128255 0.191406 0.256510 0.306641
2 0.673828 0.512207 0.298177 0.243164
2 0.817708 0.604492 0.325521 0.212891
2 0.677083 0.721191 0.242188 0.217773
2 0.871094 0.398438 0.255208 0.226562
2 0.854818 0.168945 0.287760 0.208984
2 0.591797 0.141602 0.303385 0.281250
2 0.48828099999999997 0.077148 0.268229 0.152344
2 0.435547 0.258301 0.277344 0.284180
2 0.548177 0.299316 0.268229 0.213867
2 0.477214 0.468750 0.290365 0.292969
2 0.673177 0.524902 0.299479 0.186523
2 0.7597659999999999 0.333008 0.256510 0.232422
2 0.13281200000000004 0.735840 0.231771 0.192383
