2 0.330078 0.754395 0.253906 0.208008
2 0.31510400000000005 0.567871 0.244792 0.147461
2 0.663411 0.513672 0.246094 0.187500
2 0.485677 0.574219 0.187500 0.111328
2 0.683594 0.660645 0.268229 0.202148
2 0.567708 0.781738 0.153646 0.127930
2 0.822917 0.365234 0.200521 0.142578
2 0.623047 0.307129 0.154948 0.116211
2 0.489583 0.382324 0.195312 0.129883
2 0.44856799999999997 0.364258 0.139323 0.074219
2 0.283203 0.378906 0.128906 0.085938
2 0.463542 0.264160 0.161458 0.094727
2 0.29427099999999995 0.306641 0.091146 0.056641
2 0.6191409999999999 0.198730 0.139323 0.094727
2 0.727214 0.151855 0.074219 0.081055
2 0.858724 0.321289 0.089844 0.056641
2 0.721354 0.357422 0.140625 0.095703
2 0.13802099999999995 0.272949 0.104167 0.075195
2 0.13411499999999998 0.169922 0.091146 0.072266
2 0.270833 0.047852 0.085938 0.072266
2 0.28125 0.160156 0.096354 0.066406
2 0.20638 0.223633 0.108073 0.070312
2 0.05208299999999999 0.082031 0.101562 0.058594
2 0.14453099999999997 0.062012 0.080729 0.073242
0 0.822917 0.819336 0.125000 0.093750
0 0.934896 0.878906 0.127604 0.109375
0 0.944661 0.801270 0.108073 0.059570
