2 0.134115 0.703613 0.265625 0.235352
2 0.244792 0.449707 0.486979 0.254883
2 0.219401 0.853516 0.225260 0.189453
2 0.099609 0.878418 0.196615 0.180664
2 0.536458 0.732910 0.315104 0.252930
2 0.674479 0.422852 0.317708 0.173828
2 0.888672 0.589355 0.160156 0.137695
2 0.572266 0.130859 0.292969 0.193359
2 0.477214 0.277344 0.238281 0.138672
2 0.378255 0.334473 0.290365 0.166992
2 0.201823 0.078125 0.296875 0.130859
2 0.183594 0.186523 0.231771 0.162109
2 0.708333 0.202637 0.239583 0.102539
2 0.906250 0.042480 0.187500 0.083008
2 0.916016 0.200684 0.141927 0.129883
