2 0.236816 0.668620 0.102539 0.113281
2 0.400391 0.659505 0.238281 0.264323
2 0.324219 0.211589 0.263672 0.391927
2 0.696289 0.255859 0.265625 0.279948
2 0.617676 0.598307 0.256836 0.303385
2 0.797852 0.624349 0.216797 0.285156
2 0.800293 0.617188 0.213867 0.286458
2 0.767090 0.406250 0.161133 0.138021
2 0.932617 0.430990 0.134766 0.244792
2 0.911621 0.216797 0.127930 0.144531
2 0.096191 0.611328 0.190430 0.225260
2 0.095703 0.837240 0.189453 0.257812
2 0.892090 0.730469 0.145508 0.286458
2 0.636719 0.361979 0.072266 0.093750
2 0.531250 0.432292 0.082031 0.093750
2 0.498047 0.330078 0.099609 0.110677
2 0.555664 0.302734 0.095703 0.123698
