2 0.806225 0.415039 0.383534 0.251953
2 0.746988 0.168945 0.493976 0.285156
2 0.42369500000000004 0.215332 0.662651 0.225586
2 0.477912 0.419922 0.746988 0.378906
1 0.603414 0.740234 0.242972 0.115234
1 0.38855399999999995 0.752441 0.178715 0.083008
1 0.23192800000000002 0.716309 0.106426 0.059570
1 0.126506 0.709961 0.128514 0.060547
1 0.356426 0.804199 0.106426 0.041992
1 0.5793170000000001 0.896973 0.110442 0.061523
1 0.48293200000000003 0.897949 0.086345 0.043945
1 0.705823 0.877441 0.118474 0.053711
1 0.5943780000000001 0.834473 0.116466 0.057617
1 0.8263050000000001 0.972656 0.154618 0.054688
1 0.955823 0.972168 0.084337 0.055664
1 0.938755 0.848633 0.118474 0.044922
1 0.830321 0.865234 0.114458 0.050781
1 0.906627 0.796875 0.130522 0.054688
1 0.813253 0.815918 0.116466 0.061523
1 0.25 0.767578 0.154618 0.060547
1 0.150602 0.775391 0.104418 0.044922
1 0.02911600000000003 0.779785 0.058233 0.034180
1 0.5160640000000001 0.472656 0.148594 0.064453
1 0.30120499999999995 0.477539 0.204819 0.070312
1 0.13754999999999995 0.387695 0.138554 0.087891
1 0.12951800000000002 0.558105 0.214859 0.139648
1 0.12248999999999999 0.319824 0.112450 0.071289
