2 0.510417 0.680176 0.494792 0.415039
2 0.712891 0.296387 0.459635 0.280273
2 0.223307 0.442383 0.444010 0.376953
2 0.192708 0.610840 0.382812 0.252930
2 0.392578 0.180176 0.449219 0.254883
2 0.100260 0.204590 0.197917 0.137695
2 0.925130 0.475586 0.147135 0.310547
1 0.879557 0.092285 0.238281 0.182617
1 0.848307 0.369629 0.115885 0.088867
0 0.203776 0.792969 0.139323 0.117188
0 0.546224 0.798340 0.126302 0.084961
0 0.102214 0.730469 0.089844 0.068359
0 0.080729 0.792969 0.088542 0.070312
0 0.787760 0.751465 0.098958 0.073242
0 0.737630 0.582520 0.097656 0.065430
1 0.552734 0.107422 0.110677 0.054688
1 0.863281 0.216309 0.145833 0.086914
1 0.949870 0.288086 0.079427 0.062500
1 0.891927 0.166504 0.093750 0.059570
0 0.837240 0.452637 0.072917 0.045898
