2 0.430339 0.828613 0.162760 0.127930
2 0.361328 0.695312 0.180990 0.150391
2 0.388672 0.530762 0.180990 0.135742
2 0.488932 0.598633 0.134115 0.097656
2 0.514974 0.660156 0.076823 0.093750
2 0.528646 0.805664 0.119792 0.113281
2 0.304036 0.955078 0.126302 0.089844
2 0.541016 0.481445 0.128906 0.105469
2 0.168620 0.227051 0.128906 0.098633
2 0.305339 0.183594 0.134115 0.091797
2 0.396484 0.402344 0.131510 0.105469
2 0.313151 0.264160 0.095052 0.090820
2 0.645833 0.055176 0.085938 0.063477
2 0.766276 0.190918 0.095052 0.083008
2 0.651693 0.242676 0.089844 0.084961
2 0.785156 0.114746 0.075521 0.069336
2 0.559896 0.248047 0.065104 0.078125
2 0.438151 0.241699 0.110677 0.086914
2 0.438802 0.329102 0.075521 0.068359
2 0.520182 0.339844 0.128906 0.095703
2 0.667318 0.150879 0.079427 0.086914
2 0.547526 0.068359 0.076823 0.056641
2 0.957031 0.078613 0.085938 0.071289
