2 0.6753469999999999 0.546875 0.295139 0.191406
2 0.364583 0.534668 0.295139 0.186523
2 0.32204900000000003 0.610840 0.255208 0.143555
2 0.509549 0.707031 0.293403 0.167969
2 0.50434 0.893555 0.199653 0.154297
2 0.38454900000000003 0.804199 0.192708 0.125977
2 0.33680600000000005 0.910645 0.142361 0.088867
2 0.655382 0.403320 0.331597 0.177734
2 0.29340299999999997 0.229492 0.246528 0.115234
2 0.33159700000000003 0.387695 0.232639 0.115234
2 0.582465 0.235352 0.255208 0.162109
2 0.49218799999999996 0.286133 0.192708 0.119141
2 0.36631899999999995 0.122070 0.229167 0.119141
