2 0.193775 0.415039 0.383534 0.251953
2 0.253012 0.168945 0.493976 0.285156
2 0.576305 0.215332 0.662651 0.225586
2 0.522088 0.419922 0.746988 0.378906
1 0.396586 0.740234 0.242972 0.115234
1 0.611446 0.752441 0.178715 0.083008
1 0.768072 0.716309 0.106426 0.059570
1 0.873494 0.709961 0.128514 0.060547
1 0.643574 0.804199 0.106426 0.041992
1 0.420683 0.896973 0.110442 0.061523
1 0.517068 0.897949 0.086345 0.043945
1 0.294177 0.877441 0.118474 0.053711
1 0.405622 0.834473 0.116466 0.057617
1 0.173695 0.972656 0.154618 0.054688
1 0.044177 0.972168 0.084337 0.055664
1 0.061245 0.848633 0.118474 0.044922
1 0.169679 0.865234 0.114458 0.050781
1 0.093373 0.796875 0.130522 0.054688
1 0.186747 0.815918 0.116466 0.061523
1 0.750000 0.767578 0.154618 0.060547
1 0.849398 0.775391 0.104418 0.044922
1 0.970884 0.779785 0.058233 0.034180
1 0.483936 0.472656 0.148594 0.064453
1 0.698795 0.477539 0.204819 0.070312
1 0.862450 0.387695 0.138554 0.087891
1 0.870482 0.558105 0.214859 0.139648
1 0.877510 0.319824 0.112450 0.071289
