2 0.509277 0.521484 0.131836 0.183594
2 0.476074 0.442057 0.122070 0.123698
2 0.514160 0.280599 0.131836 0.136719
2 0.295898 0.342448 0.099609 0.098958
2 0.395020 0.333333 0.104492 0.104167
2 0.279785 0.221354 0.094727 0.106771
2 0.186035 0.179688 0.061523 0.070312
2 0.644531 0.449870 0.117188 0.194010
2 0.681152 0.125000 0.086914 0.098958
2 0.601074 0.119792 0.088867 0.114583
2 0.708008 0.330078 0.105469 0.167969
2 0.727051 0.180339 0.092773 0.105469
0 0.880371 0.572917 0.159180 0.210938
2 0.787109 0.724609 0.132812 0.183594
2 0.706543 0.839844 0.086914 0.098958
2 0.269531 0.754557 0.062500 0.100260
2 0.170410 0.777995 0.069336 0.095052
2 0.153320 0.881510 0.072266 0.106771
2 0.420410 0.699870 0.059570 0.087240
2 0.081543 0.877604 0.065430 0.101562
2 0.679199 0.574870 0.104492 0.167969
