2 0.362793 0.698785 0.112305 0.206597
2 0.592773 0.739583 0.101562 0.170139
2 0.292969 0.605903 0.080078 0.152778
1 0.643555 0.783854 0.232422 0.324653
2 0.805176 0.673611 0.081055 0.170139
2 0.823242 0.531250 0.097656 0.138889
2 0.380859 0.546875 0.103516 0.211806
2 0.622070 0.495660 0.099609 0.144097
2 0.727539 0.464410 0.072266 0.126736
2 0.304199 0.454861 0.081055 0.177083
2 0.376465 0.312500 0.106445 0.142361
2 0.426270 0.286458 0.088867 0.125000
2 0.511719 0.266493 0.087891 0.151042
2 0.604980 0.290799 0.073242 0.119792
2 0.614258 0.348090 0.095703 0.133681
2 0.433105 0.467882 0.077148 0.178819
2 0.205566 0.322049 0.127930 0.210069
1 0.459473 0.875000 0.172852 0.187500
1 0.277832 0.877604 0.125977 0.203125
2 0.112305 0.525174 0.136719 0.164931
2 0.091309 0.689236 0.153320 0.197917
2 0.066895 0.855903 0.131836 0.201389
2 0.104004 0.907118 0.163086 0.185764
2 0.237793 0.727431 0.096680 0.177083
2 0.527832 0.465278 0.106445 0.197917
2 0.310059 0.230035 0.102539 0.185764
2 0.260254 0.092014 0.100586 0.090278
2 0.194824 0.137153 0.073242 0.118056
2 0.072754 0.162326 0.125977 0.123264
2 0.046387 0.307292 0.090820 0.180556
2 0.344238 0.403646 0.086914 0.105903
