2 0.823568 0.579590 0.191406 0.149414
2 0.8808590000000001 0.717285 0.162760 0.139648
2 0.6464840000000001 0.453125 0.199219 0.136719
2 0.45703099999999997 0.486816 0.190104 0.131836
2 0.440755 0.253906 0.157552 0.109375
2 0.539714 0.345703 0.165365 0.095703
2 0.263672 0.273926 0.100260 0.084961
2 0.361328 0.291504 0.110677 0.094727
2 0.28190099999999996 0.336426 0.123698 0.081055
2 0.15169299999999997 0.221680 0.110677 0.089844
2 0.255208 0.159180 0.138021 0.093750
2 0.13411499999999998 0.184082 0.085938 0.061523
