2 0.604818 0.729004 0.332031 0.290039
2 0.233073 0.615234 0.276042 0.208984
2 0.302083 0.768066 0.161458 0.141602
2 0.432292 0.845703 0.260417 0.121094
2 0.404297 0.487793 0.290365 0.209961
2 0.304688 0.405273 0.229167 0.232422
2 0.532552 0.321289 0.140625 0.134766
2 0.558594 0.414062 0.132812 0.091797
2 0.573568 0.451172 0.157552 0.175781
2 0.624349 0.301270 0.162760 0.125977
2 0.712240 0.184082 0.153646 0.122070
2 0.555990 0.186523 0.119792 0.119141
2 0.477214 0.207520 0.152344 0.129883
2 0.444661 0.077148 0.238281 0.152344
2 0.358724 0.620605 0.230469 0.102539
