2 0.669922 0.754395 0.253906 0.208008
2 0.684896 0.567871 0.244792 0.147461
2 0.336589 0.513672 0.246094 0.187500
2 0.514323 0.574219 0.187500 0.111328
2 0.316406 0.660645 0.268229 0.202148
2 0.432292 0.781738 0.153646 0.127930
2 0.177083 0.365234 0.200521 0.142578
2 0.376953 0.307129 0.154948 0.116211
2 0.510417 0.382324 0.195312 0.129883
2 0.551432 0.364258 0.139323 0.074219
2 0.716797 0.378906 0.128906 0.085938
2 0.536458 0.264160 0.161458 0.094727
2 0.705729 0.306641 0.091146 0.056641
2 0.380859 0.198730 0.139323 0.094727
2 0.272786 0.151855 0.074219 0.081055
2 0.141276 0.321289 0.089844 0.056641
2 0.278646 0.357422 0.140625 0.095703
2 0.861979 0.272949 0.104167 0.075195
2 0.865885 0.169922 0.091146 0.072266
2 0.729167 0.047852 0.085938 0.072266
2 0.718750 0.160156 0.096354 0.066406
2 0.793620 0.223633 0.108073 0.070312
2 0.947917 0.082031 0.101562 0.058594
2 0.855469 0.062012 0.080729 0.073242
0 0.177083 0.819336 0.125000 0.093750
0 0.065104 0.878906 0.127604 0.109375
0 0.055339 0.801270 0.108073 0.059570
