2 0.34326199999999996 0.688151 0.352539 0.261719
2 0.11523399999999995 0.826172 0.230469 0.290365
2 0.46484400000000003 0.876953 0.232422 0.246094
2 0.594727 0.538411 0.251953 0.272135
2 0.38671900000000003 0.429036 0.273438 0.157552
2 0.561035 0.251953 0.213867 0.214844
2 0.280273 0.250000 0.195312 0.226562
2 0.241699 0.359375 0.249023 0.130208
2 0.7431639999999999 0.276042 0.195312 0.190104
2 0.876465 0.289714 0.202148 0.141927
2 0.455078 0.095052 0.183594 0.161458
2 0.526367 0.667969 0.302734 0.257812
