2 0.7753909999999999 0.537109 0.072266 0.115885
2 0.891602 0.545573 0.214844 0.229167
2 0.895996 0.232422 0.206055 0.324219
2 0.687988 0.381510 0.202148 0.169271
2 0.580566 0.563151 0.161133 0.253906
2 0.47558599999999995 0.483073 0.117188 0.156250
2 0.32031200000000004 0.559896 0.167969 0.171875
2 0.13720699999999997 0.591797 0.243164 0.214844
2 0.14306600000000003 0.809245 0.086914 0.118490
2 0.36816400000000005 0.764323 0.105469 0.229167
2 0.581055 0.737630 0.199219 0.269531
2 0.20361300000000004 0.138021 0.184570 0.229167
2 0.36914100000000005 0.170573 0.238281 0.296875
2 0.790527 0.800130 0.262695 0.180990
2 0.782715 0.919271 0.182617 0.161458
2 0.572754 0.905599 0.229492 0.188802
2 0.477051 0.884115 0.192383 0.203125
2 0.27246099999999995 0.926432 0.214844 0.147135
2 0.20703099999999997 0.841797 0.218750 0.188802
2 0.421875 0.147786 0.312500 0.292969
