2 0.463542 0.614258 0.569444 0.333984
2 0.863715 0.562988 0.269097 0.184570
2 0.457465 0.209473 0.467014 0.256836
2 0.145833 0.613281 0.291667 0.251953
2 0.824653 0.826660 0.347222 0.200195
2 0.798611 0.347656 0.295139 0.263672
2 0.27777799999999997 0.400879 0.350694 0.118164
2 0.07986099999999996 0.465820 0.159722 0.097656
2 0.798611 0.165039 0.343750 0.130859
2 0.893229 0.129883 0.210069 0.158203
2 0.595486 0.054688 0.274306 0.099609
2 0.250868 0.030273 0.164931 0.046875
2 0.21527799999999997 0.136719 0.170139 0.095703
2 0.42013900000000004 0.823730 0.326389 0.239258
2 0.78559 0.956543 0.390625 0.086914
2 0.8524309999999999 0.715820 0.253472 0.130859
