2 0.33724 0.527344 0.242188 0.166016
2 0.520833 0.588867 0.195312 0.160156
2 0.423828 0.712402 0.207031 0.141602
2 0.5201819999999999 0.888184 0.217448 0.213867
2 0.39127599999999996 0.308594 0.235677 0.250000
2 0.23177099999999995 0.347168 0.184896 0.157227
2 0.580078 0.298828 0.214844 0.193359
2 0.145833 0.116211 0.291667 0.185547
2 0.789714 0.109375 0.178385 0.166016
2 0.522135 0.093750 0.161458 0.119141
2 0.7298180000000001 0.393066 0.274740 0.147461
2 0.6516930000000001 0.550293 0.141927 0.147461
2 0.658854 0.736328 0.250000 0.197266
