2 0.782118 0.490723 0.345486 0.172852
2 0.48697900000000005 0.663574 0.279514 0.190430
2 0.623264 0.812988 0.291667 0.178711
2 0.36284700000000003 0.574219 0.267361 0.146484
2 0.43316 0.453125 0.293403 0.167969
2 0.421007 0.194824 0.355903 0.163086
2 0.771701 0.263672 0.289931 0.148438
2 0.732639 0.386719 0.295139 0.125000
2 0.55816 0.038574 0.282986 0.075195
2 0.161458 0.265625 0.236111 0.134766
2 0.24045099999999997 0.371094 0.206597 0.140625
2 0.892361 0.693359 0.211806 0.146484
2 0.729167 0.739258 0.222222 0.181641
2 0.58941 0.548828 0.213542 0.144531
