2 0.57487 0.339844 0.324219 0.224609
2 0.71875 0.585938 0.263021 0.195312
2 0.50651 0.570312 0.291667 0.216797
2 0.444661 0.860840 0.152344 0.122070
2 0.59375 0.792480 0.239583 0.153320
2 0.719401 0.719238 0.305990 0.204102
2 0.914062 0.800781 0.169271 0.207031
2 0.764323 0.909180 0.328125 0.181641
2 0.490885 0.952637 0.234375 0.094727
2 0.705078 0.459473 0.118490 0.118164
2 0.7389319999999999 0.274902 0.162760 0.106445
2 0.591146 0.213379 0.143229 0.118164
2 0.41210899999999995 0.111816 0.194010 0.151367
2 0.40234400000000003 0.257324 0.153646 0.116211
2 0.28385400000000005 0.192871 0.151042 0.104492
