2 0.425130 0.339844 0.324219 0.224609
2 0.281250 0.585938 0.263021 0.195312
2 0.493490 0.570312 0.291667 0.216797
2 0.555339 0.860840 0.152344 0.122070
2 0.406250 0.792480 0.239583 0.153320
2 0.280599 0.719238 0.305990 0.204102
2 0.085938 0.800781 0.169271 0.207031
2 0.235677 0.909180 0.328125 0.181641
2 0.509115 0.952637 0.234375 0.094727
2 0.294922 0.459473 0.118490 0.118164
2 0.261068 0.274902 0.162760 0.106445
2 0.408854 0.213379 0.143229 0.118164
2 0.587891 0.111816 0.194010 0.151367
2 0.597656 0.257324 0.153646 0.116211
2 0.716146 0.192871 0.151042 0.104492
