2 0.763184 0.668620 0.102539 0.113281
2 0.5996090000000001 0.659505 0.238281 0.264323
2 0.675781 0.211589 0.263672 0.391927
2 0.30371099999999995 0.255859 0.265625 0.279948
2 0.382324 0.598307 0.256836 0.303385
2 0.202148 0.624349 0.216797 0.285156
2 0.19970699999999997 0.617188 0.213867 0.286458
2 0.23290999999999995 0.406250 0.161133 0.138021
2 0.06738299999999997 0.430990 0.134766 0.244792
2 0.08837899999999999 0.216797 0.127930 0.144531
2 0.903809 0.611328 0.190430 0.225260
2 0.904297 0.837240 0.189453 0.257812
2 0.10790999999999995 0.730469 0.145508 0.286458
2 0.36328099999999997 0.361979 0.072266 0.093750
2 0.46875 0.432292 0.082031 0.093750
2 0.501953 0.330078 0.099609 0.110677
2 0.44433599999999995 0.302734 0.095703 0.123698
