2 0.781875 0.307500 0.141250 0.201667
2 0.921875 0.445833 0.153750 0.245000
2 0.82625 0.683333 0.125000 0.226667
2 0.6775 0.628333 0.165000 0.253333
2 0.7725 0.866667 0.110000 0.196667
2 0.579375 0.845000 0.246250 0.310000
2 0.333125 0.785833 0.341250 0.428333
2 0.21999999999999997 0.645833 0.265000 0.428333
2 0.628125 0.487500 0.328750 0.278333
2 0.380625 0.300000 0.236250 0.363333
2 0.48750000000000004 0.213333 0.220000 0.260000
2 0.10750000000000004 0.355833 0.162500 0.258333
2 0.07687500000000003 0.539167 0.103750 0.208333
2 0.18562500000000004 0.603333 0.186250 0.120000
2 0.06625000000000003 0.700000 0.132500 0.133333
2 0.06812499999999999 0.845000 0.136250 0.310000
2 0.36187499999999995 0.548333 0.143750 0.216667
2 0.725625 0.065000 0.198750 0.126667
2 0.821875 0.229167 0.128750 0.165000
2 0.925625 0.114167 0.146250 0.158333
2 0.93875 0.252500 0.120000 0.178333
