2 0.644531 0.600098 0.270833 0.229492
2 0.587891 0.757324 0.238281 0.170898
2 0.832682 0.380859 0.334635 0.322266
2 0.891927 0.567383 0.216146 0.236328
2 0.871745 0.191406 0.256510 0.306641
2 0.326172 0.512207 0.298177 0.243164
2 0.182292 0.604492 0.325521 0.212891
2 0.322917 0.721191 0.242188 0.217773
2 0.128906 0.398438 0.255208 0.226562
2 0.145182 0.168945 0.287760 0.208984
2 0.408203 0.141602 0.303385 0.281250
2 0.511719 0.077148 0.268229 0.152344
2 0.564453 0.258301 0.277344 0.284180
2 0.451823 0.299316 0.268229 0.213867
2 0.522786 0.468750 0.290365 0.292969
2 0.326823 0.524902 0.299479 0.186523
2 0.240234 0.333008 0.256510 0.232422
2 0.867188 0.735840 0.231771 0.192383
