2 0.367676 0.315755 0.159180 0.196615
2 0.264648 0.458333 0.119141 0.158854
2 0.25146500000000005 0.615885 0.127930 0.164062
2 0.839355 0.612630 0.147461 0.167969
2 0.628906 0.573568 0.121094 0.191406
2 0.5371090000000001 0.626302 0.158203 0.187500
2 0.6806639999999999 0.717448 0.119141 0.145833
2 0.46728499999999995 0.445964 0.102539 0.186198
2 0.799805 0.412760 0.134766 0.197917
2 0.60791 0.217448 0.194336 0.166667
2 0.470703 0.306641 0.128906 0.170573
2 0.956055 0.604818 0.085938 0.160156
2 0.5200199999999999 0.766276 0.135742 0.162760
2 0.09716800000000003 0.427734 0.118164 0.118490
2 0.577148 0.405599 0.089844 0.170573
2 0.092773 0.827474 0.185547 0.308594
2 0.16845699999999997 0.554688 0.073242 0.164062
