2 0.42871099999999995 0.553385 0.158203 0.231771
2 0.5722659999999999 0.448568 0.185547 0.282552
2 0.699219 0.580078 0.152344 0.230469
2 0.6206050000000001 0.794922 0.149414 0.225260
2 0.204102 0.746745 0.109375 0.207031
2 0.11865199999999998 0.555990 0.133789 0.156250
2 0.29736300000000004 0.378906 0.141602 0.179688
2 0.466797 0.103516 0.181641 0.204427
2 0.41113299999999997 0.184245 0.154297 0.178385
2 0.73291 0.141276 0.165039 0.264323
2 0.848633 0.209635 0.074219 0.093750
2 0.262695 0.878906 0.091797 0.106771
