2 0.518880 0.598633 0.285156 0.214844
2 0.389974 0.780273 0.329427 0.279297
2 0.152344 0.521973 0.302083 0.249023
2 0.492188 0.375977 0.333333 0.177734
2 0.700521 0.304199 0.268229 0.155273
2 0.125651 0.855469 0.248698 0.246094
2 0.444010 0.183105 0.304688 0.124023
2 0.109375 0.290527 0.203125 0.135742
2 0.167318 0.212402 0.207031 0.110352
2 0.292318 0.147461 0.092448 0.048828
2 0.344401 0.230469 0.196615 0.083984
2 0.448568 0.042480 0.240885 0.083008
2 0.206380 0.109375 0.204427 0.109375
2 0.259115 0.041016 0.135417 0.080078
2 0.716797 0.557617 0.126302 0.078125
2 0.798828 0.444336 0.126302 0.091797
2 0.843750 0.205078 0.171875 0.082031
2 0.542969 0.123535 0.190104 0.104492
