2 0.48112 0.598633 0.285156 0.214844
2 0.610026 0.780273 0.329427 0.279297
2 0.847656 0.521973 0.302083 0.249023
2 0.5078119999999999 0.375977 0.333333 0.177734
2 0.29947900000000005 0.304199 0.268229 0.155273
2 0.874349 0.855469 0.248698 0.246094
2 0.55599 0.183105 0.304688 0.124023
2 0.890625 0.290527 0.203125 0.135742
2 0.832682 0.212402 0.207031 0.110352
2 0.7076819999999999 0.147461 0.092448 0.048828
2 0.655599 0.230469 0.196615 0.083984
2 0.5514319999999999 0.042480 0.240885 0.083008
2 0.79362 0.109375 0.204427 0.109375
2 0.740885 0.041016 0.135417 0.080078
2 0.283203 0.557617 0.126302 0.078125
2 0.20117200000000002 0.444336 0.126302 0.091797
2 0.15625 0.205078 0.171875 0.082031
2 0.45703099999999997 0.123535 0.190104 0.104492
