2 0.224609 0.537109 0.072266 0.115885
2 0.108398 0.545573 0.214844 0.229167
2 0.104004 0.232422 0.206055 0.324219
2 0.312012 0.381510 0.202148 0.169271
2 0.419434 0.563151 0.161133 0.253906
2 0.524414 0.483073 0.117188 0.156250
2 0.679688 0.559896 0.167969 0.171875
2 0.862793 0.591797 0.243164 0.214844
2 0.856934 0.809245 0.086914 0.118490
2 0.631836 0.764323 0.105469 0.229167
2 0.418945 0.737630 0.199219 0.269531
2 0.796387 0.138021 0.184570 0.229167
2 0.630859 0.170573 0.238281 0.296875
2 0.209473 0.800130 0.262695 0.180990
2 0.217285 0.919271 0.182617 0.161458
2 0.427246 0.905599 0.229492 0.188802
2 0.522949 0.884115 0.192383 0.203125
2 0.727539 0.926432 0.214844 0.147135
2 0.792969 0.841797 0.218750 0.188802
2 0.578125 0.147786 0.312500 0.292969
