2 0.602459 0.702148 0.340164 0.173828
2 0.722336 0.764648 0.297131 0.126953
2 0.321721 0.845215 0.254098 0.141602
2 0.727459 0.870117 0.274590 0.162109
2 0.474385 0.859375 0.194672 0.121094
2 0.539959 0.824707 0.108607 0.077148
2 0.237705 0.722656 0.147541 0.103516
2 0.326844 0.595215 0.215164 0.096680
2 0.612705 0.563477 0.217213 0.097656
2 0.799180 0.542480 0.245902 0.122070
2 0.627049 0.426270 0.278689 0.129883
2 0.363730 0.477051 0.227459 0.120117
2 0.377049 0.278809 0.254098 0.088867
2 0.546107 0.298340 0.133197 0.077148
2 0.673156 0.261719 0.252049 0.082031
2 0.438525 0.440918 0.200820 0.077148
2 0.122951 0.478027 0.233607 0.092773
2 0.144467 0.250488 0.284836 0.098633
2 0.549180 0.069336 0.180328 0.107422
2 0.786885 0.056152 0.172131 0.065430
2 0.728484 0.139160 0.215164 0.067383
