2 0.369792 0.437500 0.234375 0.160156
2 0.322917 0.281738 0.205729 0.161133
2 0.222005 0.417969 0.199219 0.162109
2 0.151042 0.580566 0.156250 0.120117
2 0.23632799999999998 0.791992 0.259115 0.156250
2 0.498047 0.625000 0.243490 0.166016
2 0.626302 0.683594 0.151042 0.150391
2 0.503255 0.460449 0.204427 0.165039
2 0.803385 0.422363 0.234375 0.161133
2 0.664714 0.195312 0.225260 0.158203
2 0.5078119999999999 0.234375 0.208333 0.203125
2 0.910156 0.331055 0.161458 0.130859
2 0.834635 0.211914 0.210938 0.130859
