2 0.563151 0.890137 0.160156 0.219727
2 0.30013 0.702148 0.253906 0.289062
2 0.35677099999999995 0.516113 0.369792 0.274414
2 0.652344 0.537598 0.257812 0.155273
2 0.669271 0.333496 0.289062 0.282227
2 0.38802099999999995 0.229004 0.270833 0.229492
2 0.683594 0.123047 0.333333 0.111328
2 0.29427099999999995 0.361328 0.330729 0.203125
2 0.07421900000000003 0.524414 0.148438 0.128906
2 0.05403599999999997 0.636719 0.108073 0.109375
2 0.12565099999999996 0.699219 0.128906 0.119141
2 0.22721400000000003 0.595703 0.160156 0.103516
