2 0.753906 0.799805 0.213542 0.167969
2 0.5253909999999999 0.907227 0.251302 0.169922
2 0.44726600000000005 0.784180 0.282552 0.154297
2 0.48828099999999997 0.652344 0.296875 0.154297
2 0.671875 0.584961 0.190104 0.146484
2 0.878906 0.580566 0.213542 0.086914
2 0.340495 0.502441 0.329427 0.159180
2 0.40885400000000005 0.395508 0.250000 0.103516
2 0.6191409999999999 0.360352 0.170573 0.107422
2 0.5579430000000001 0.220215 0.214844 0.110352
2 0.36263 0.174316 0.105469 0.084961
2 0.885417 0.503906 0.226562 0.058594
