2 0.39754100000000003 0.702148 0.340164 0.173828
2 0.277664 0.764648 0.297131 0.126953
2 0.6782790000000001 0.845215 0.254098 0.141602
2 0.27254100000000003 0.870117 0.274590 0.162109
2 0.5256149999999999 0.859375 0.194672 0.121094
2 0.46004100000000003 0.824707 0.108607 0.077148
2 0.762295 0.722656 0.147541 0.103516
2 0.673156 0.595215 0.215164 0.096680
2 0.38729499999999994 0.563477 0.217213 0.097656
2 0.20082 0.542480 0.245902 0.122070
2 0.37295100000000003 0.426270 0.278689 0.129883
2 0.63627 0.477051 0.227459 0.120117
2 0.622951 0.278809 0.254098 0.088867
2 0.453893 0.298340 0.133197 0.077148
2 0.326844 0.261719 0.252049 0.082031
2 0.561475 0.440918 0.200820 0.077148
2 0.877049 0.478027 0.233607 0.092773
2 0.855533 0.250488 0.284836 0.098633
2 0.45082 0.069336 0.180328 0.107422
2 0.21311500000000005 0.056152 0.172131 0.065430
2 0.271516 0.139160 0.215164 0.067383
