0 0.514974 0.444824 0.256510 0.168945
0 0.740885 0.303711 0.106771 0.085938
0 0.752604 0.371094 0.140625 0.085938
0 0.652995 0.604492 0.134115 0.087891
0 0.152995 0.380371 0.126302 0.073242
0 0.15885400000000005 0.471680 0.080729 0.037109
0 0.18098999999999998 0.439941 0.093750 0.051758
0 0.246745 0.689941 0.118490 0.067383
0 0.482422 0.199707 0.069010 0.059570
0 0.151042 0.314453 0.117188 0.054688
0 0.66276 0.115723 0.088542 0.059570
0 0.930339 0.303223 0.082031 0.086914
0 0.7402340000000001 0.517578 0.136719 0.070312
