0 0.5423180000000001 0.615234 0.246094 0.179688
0 0.34440099999999996 0.606445 0.272135 0.138672
0 0.391927 0.805176 0.200521 0.102539
0 0.47656200000000004 0.929688 0.320312 0.140625
0 0.17643200000000003 0.858887 0.230469 0.178711
0 0.12109400000000003 0.724121 0.242188 0.200195
0 0.49349 0.315430 0.270833 0.142578
0 0.533203 0.197266 0.212240 0.146484
0 0.34440099999999996 0.158203 0.207031 0.128906
0 0.8808590000000001 0.450684 0.235677 0.122070
0 0.884115 0.532715 0.229167 0.090820
0 0.35481799999999997 0.392578 0.207031 0.119141
