0 0.700803 0.523438 0.305221 0.189453
0 0.303213 0.513184 0.329317 0.176758
0 0.140562 0.816406 0.277108 0.162109
0 0.517068 0.750000 0.174699 0.105469
0 0.843373 0.388184 0.313253 0.149414
0 0.785141 0.258789 0.297189 0.101562
0 0.854418 0.903809 0.291165 0.192383
0 0.540161 0.938965 0.329317 0.122070
0 0.524096 0.839844 0.188755 0.091797
0 0.698795 0.764160 0.168675 0.108398
0 0.621486 0.687012 0.138554 0.083008
0 0.199799 0.388184 0.206827 0.059570
0 0.581325 0.131348 0.190763 0.083008
0 0.772088 0.123535 0.283133 0.116211
0 0.652610 0.416016 0.180723 0.080078
0 0.098394 0.153809 0.192771 0.147461
