0 0.29919700000000005 0.523438 0.305221 0.189453
0 0.696787 0.513184 0.329317 0.176758
0 0.859438 0.816406 0.277108 0.162109
0 0.48293200000000003 0.750000 0.174699 0.105469
0 0.15662699999999996 0.388184 0.313253 0.149414
0 0.21485900000000002 0.258789 0.297189 0.101562
0 0.145582 0.903809 0.291165 0.192383
0 0.459839 0.938965 0.329317 0.122070
0 0.475904 0.839844 0.188755 0.091797
0 0.30120499999999995 0.764160 0.168675 0.108398
0 0.378514 0.687012 0.138554 0.083008
0 0.8002009999999999 0.388184 0.206827 0.059570
0 0.418675 0.131348 0.190763 0.083008
0 0.227912 0.123535 0.283133 0.116211
0 0.34739 0.416016 0.180723 0.080078
0 0.901606 0.153809 0.192771 0.147461
