0 0.556152 0.368490 0.325195 0.406250
0 0.43310499999999996 0.662760 0.282227 0.346354
0 0.17138699999999996 0.808594 0.299805 0.296875
0 0.17578099999999997 0.626302 0.199219 0.244792
0 0.14990199999999998 0.204427 0.143555 0.184896
0 0.366699 0.092448 0.159180 0.182292
0 0.807129 0.444661 0.161133 0.191406
0 0.829102 0.128255 0.091797 0.134115
0 0.920898 0.109375 0.083984 0.114583
0 0.910156 0.201172 0.103516 0.152344
0 0.459473 0.079427 0.149414 0.156250
0 0.660156 0.065755 0.166016 0.128906
0 0.770508 0.265625 0.130859 0.179688
0 0.7143550000000001 0.649740 0.252930 0.260417
