0 0.107422 0.403646 0.117188 0.135417
0 0.204590 0.290365 0.098633 0.119792
0 0.111816 0.292969 0.081055 0.106771
0 0.312500 0.697917 0.105469 0.138021
0 0.417480 0.649089 0.104492 0.180990
0 0.696289 0.587891 0.060547 0.087240
0 0.358887 0.835286 0.063477 0.092448
0 0.596680 0.619792 0.117188 0.138021
0 0.238281 0.477865 0.068359 0.080729
0 0.301758 0.382161 0.087891 0.095052
0 0.406738 0.250000 0.096680 0.132812
0 0.469727 0.447266 0.083984 0.095052
0 0.531738 0.505859 0.086914 0.087240
0 0.491211 0.805990 0.070312 0.104167
0 0.377930 0.912109 0.095703 0.118490
0 0.310547 0.877604 0.074219 0.106771
0 0.303223 0.953776 0.047852 0.079427
0 0.245117 0.586589 0.072266 0.095052
