0 0.782715 0.684739 0.086914 0.236948
0 0.706055 0.774096 0.111328 0.198795
0 0.632324 0.753012 0.125977 0.236948
0 0.35351600000000005 0.778112 0.136719 0.259036
0 0.48388699999999996 0.593373 0.110352 0.251004
0 0.549805 0.391566 0.144531 0.281124
0 0.49511700000000003 0.792169 0.103516 0.174699
0 0.30664100000000005 0.388554 0.091797 0.178715
0 0.20068399999999997 0.431727 0.073242 0.124498
0 0.767578 0.489960 0.111328 0.188755
0 0.475098 0.308233 0.098633 0.166667
0 0.23193399999999997 0.686747 0.110352 0.156627
