0 0.48263900000000004 0.499023 0.385417 0.166016
0 0.26736099999999996 0.687988 0.319444 0.235352
0 0.489583 0.645020 0.295139 0.194336
0 0.7274309999999999 0.601562 0.270833 0.183594
0 0.35677099999999995 0.222656 0.282986 0.169922
0 0.15885400000000005 0.120605 0.317708 0.227539
0 0.619792 0.255859 0.295139 0.236328
0 0.882812 0.245117 0.230903 0.216797
0 0.42013900000000004 0.073730 0.402778 0.145508
0 0.43923599999999996 0.787598 0.340278 0.145508
0 0.447917 0.911621 0.361111 0.120117
0 0.861111 0.620605 0.274306 0.149414
