0 0.59375 0.891927 0.121094 0.174479
0 0.38720699999999997 0.861979 0.200195 0.234375
0 0.5815429999999999 0.676432 0.139648 0.204427
0 0.7431639999999999 0.641927 0.128906 0.122396
0 0.373047 0.281901 0.160156 0.118490
0 0.40771500000000005 0.400391 0.143555 0.183594
0 0.0625 0.267578 0.125000 0.209635
0 0.705566 0.162109 0.083008 0.136719
0 0.5996090000000001 0.162760 0.105469 0.148438
0 0.703125 0.421875 0.115234 0.132812
0 0.5625 0.489583 0.105469 0.130208
0 0.24755899999999997 0.182943 0.088867 0.110677
