0 0.487305 0.520182 0.285156 0.311198
0 0.283203 0.191406 0.314453 0.192708
0 0.11914100000000005 0.658203 0.197266 0.188802
0 0.71875 0.648438 0.185547 0.250000
0 0.8847659999999999 0.761719 0.148438 0.164062
0 0.82666 0.900391 0.196289 0.199219
0 0.798828 0.523438 0.248047 0.302083
0 0.728027 0.319661 0.262695 0.269531
0 0.691406 0.144531 0.296875 0.286458
0 0.5424800000000001 0.056641 0.094727 0.110677
0 0.482422 0.289714 0.189453 0.160156
0 0.20361300000000004 0.438802 0.241211 0.260417
0 0.840332 0.298177 0.084961 0.122396
