0 0.35790999999999995 0.661458 0.211914 0.257812
0 0.6831050000000001 0.663411 0.153320 0.220052
0 0.481445 0.497396 0.187500 0.218750
0 0.49218799999999996 0.248698 0.146484 0.190104
0 0.648926 0.270833 0.084961 0.080729
0 0.717285 0.338542 0.061523 0.083333
0 0.33886700000000003 0.298828 0.115234 0.186198
0 0.5878909999999999 0.542318 0.087891 0.180990
0 0.966797 0.037760 0.064453 0.072917
0 0.07519500000000001 0.263021 0.093750 0.122396
0 0.237305 0.205729 0.068359 0.109375
0 0.19140599999999997 0.078776 0.064453 0.100260
0 0.668945 0.218099 0.095703 0.097656
0 0.681152 0.400391 0.100586 0.160156
