0 0.604004 0.763672 0.149414 0.212240
0 0.563477 0.575521 0.216797 0.229167
0 0.676758 0.497396 0.181641 0.234375
0 0.702148 0.399089 0.128906 0.183594
0 0.747559 0.287760 0.108398 0.127604
0 0.436523 0.328125 0.164062 0.218750
0 0.431152 0.494141 0.180664 0.178385
0 0.319824 0.529948 0.133789 0.166667
0 0.20117200000000002 0.590495 0.144531 0.240885
0 0.24023399999999995 0.731120 0.117188 0.141927
0 0.36084000000000005 0.658203 0.135742 0.154948
0 0.30175799999999997 0.282552 0.195312 0.270833
