0 0.6621090000000001 0.414062 0.281250 0.309896
0 0.47558599999999995 0.594401 0.179688 0.220052
0 0.623047 0.672526 0.250000 0.212240
0 0.18359400000000003 0.597005 0.230469 0.233073
0 0.28906200000000004 0.391927 0.283203 0.361979
0 0.871582 0.749349 0.139648 0.253906
0 0.7387699999999999 0.638672 0.174805 0.240885
0 0.606934 0.078125 0.145508 0.153646
0 0.13525399999999999 0.246094 0.231445 0.255208
0 0.38622999999999996 0.185547 0.180664 0.165365
0 0.5869139999999999 0.883464 0.212891 0.233073
