0 0.48046900000000003 0.769531 0.252604 0.179688
0 0.46093799999999996 0.305664 0.169271 0.134766
0 0.628906 0.425781 0.187500 0.134766
0 0.286458 0.898926 0.226562 0.186523
0 0.130208 0.409180 0.203125 0.142578
0 0.14713500000000002 0.162598 0.195312 0.124023
0 0.29947900000000005 0.083984 0.210938 0.166016
0 0.274089 0.338379 0.165365 0.075195
0 0.30859400000000003 0.593750 0.119792 0.070312
0 0.11002599999999996 0.656250 0.220052 0.140625
0 0.07226600000000005 0.549805 0.144531 0.140625
0 0.36002599999999996 0.417969 0.217448 0.111328
0 0.751953 0.777832 0.230469 0.178711
0 0.885417 0.775391 0.187500 0.156250
