0 0.293620 0.495605 0.220052 0.165039
0 0.173177 0.550293 0.140625 0.182617
0 0.601562 0.709961 0.200521 0.146484
0 0.785156 0.625977 0.117188 0.082031
0 0.548177 0.377441 0.145833 0.118164
0 0.075521 0.704590 0.148438 0.124023
0 0.251953 0.908691 0.290365 0.182617
0 0.176432 0.767090 0.087240 0.079102
0 0.292318 0.725586 0.152344 0.132812
0 0.419922 0.659180 0.157552 0.169922
0 0.768880 0.471191 0.196615 0.137695
0 0.751953 0.541016 0.139323 0.105469
0 0.931641 0.513184 0.136719 0.112305
0 0.715495 0.336914 0.108073 0.103516
0 0.634115 0.352051 0.049479 0.069336
0 0.664714 0.065918 0.076823 0.049805
0 0.846354 0.257324 0.229167 0.122070
