0 0.754557 0.651855 0.217448 0.161133
0 0.621745 0.410156 0.230469 0.218750
0 0.41862 0.434570 0.173177 0.138672
0 0.421875 0.535156 0.203125 0.148438
0 0.442708 0.675781 0.127604 0.105469
0 0.639323 0.283203 0.216146 0.117188
0 0.513021 0.235352 0.187500 0.152344
0 0.408203 0.281738 0.123698 0.092773
0 0.423828 0.366211 0.147135 0.097656
0 0.766276 0.521484 0.209635 0.121094
0 0.6347659999999999 0.189453 0.126302 0.103516
0 0.25065099999999996 0.293945 0.154948 0.095703
0 0.23307299999999997 0.224121 0.169271 0.129883
0 0.21419299999999997 0.407715 0.126302 0.122070
