0 0.687500 0.350260 0.148438 0.263021
0 0.200195 0.095052 0.078125 0.106771
0 0.222168 0.525391 0.163086 0.126302
0 0.539062 0.592448 0.234375 0.257812
0 0.887695 0.646484 0.148438 0.217448
0 0.804199 0.279297 0.116211 0.157552
0 0.794922 0.434896 0.117188 0.218750
0 0.934082 0.363281 0.131836 0.184896
0 0.313965 0.371094 0.172852 0.192708
0 0.338867 0.525391 0.097656 0.199219
0 0.929199 0.836589 0.100586 0.183594
0 0.842773 0.789062 0.105469 0.127604
0 0.389648 0.089844 0.115234 0.085938
0 0.458008 0.060547 0.058594 0.118490
