0 0.932617 0.217742 0.132812 0.203812
0 0.8496090000000001 0.399560 0.134766 0.177419
0 0.950195 0.396628 0.097656 0.153959
0 0.839355 0.585777 0.110352 0.171554
0 0.562012 0.222874 0.174805 0.208211
0 0.883301 0.917889 0.127930 0.164223
0 0.674316 0.823314 0.161133 0.241935
0 0.5815429999999999 0.811584 0.135742 0.233138
0 0.5424800000000001 0.942815 0.100586 0.114370
0 0.42627000000000004 0.631232 0.198242 0.268328
0 0.61084 0.483871 0.118164 0.175953
0 0.451172 0.424487 0.193359 0.233138
0 0.719238 0.446481 0.198242 0.239003
0 0.5068360000000001 0.096774 0.175781 0.190616
0 0.07226600000000005 0.502933 0.144531 0.272727
0 0.05810499999999996 0.270528 0.116211 0.151026
0 0.06054700000000002 0.128299 0.121094 0.203812
0 0.37939500000000004 0.155425 0.198242 0.196481
0 0.303223 0.458211 0.163086 0.168622
0 0.11572300000000002 0.677419 0.168945 0.208211
0 0.19091800000000003 0.109238 0.174805 0.136364
0 0.804199 0.186217 0.159180 0.190616
0 0.908691 0.676686 0.149414 0.197947
0 0.34716800000000003 0.609238 0.090820 0.115836
