0 0.91276 0.687988 0.171875 0.102539
0 0.910807 0.757812 0.175781 0.105469
0 0.41862 0.749512 0.180990 0.176758
0 0.554036 0.868652 0.183594 0.110352
0 0.516276 0.724121 0.209635 0.172852
0 0.20703099999999997 0.508301 0.140625 0.161133
0 0.5983069999999999 0.482910 0.191406 0.114258
0 0.460286 0.562012 0.154948 0.127930
0 0.764974 0.557129 0.162760 0.094727
0 0.8847659999999999 0.451172 0.165365 0.123047
0 0.616536 0.353027 0.183594 0.094727
0 0.53125 0.148438 0.158854 0.070312
0 0.6985680000000001 0.288086 0.162760 0.089844
0 0.742839 0.372559 0.147135 0.112305
0 0.758464 0.493652 0.115885 0.071289
0 0.375 0.351562 0.138021 0.091797
0 0.388672 0.466309 0.199219 0.108398
0 0.29362 0.671875 0.175781 0.113281
0 0.05013000000000001 0.464844 0.100260 0.080078
0 0.09700500000000001 0.291504 0.115885 0.084961
0 0.865885 0.259766 0.119792 0.066406
