0 0.48046900000000003 0.562012 0.414062 0.280273
0 0.820312 0.601562 0.320312 0.244141
0 0.731771 0.419434 0.270833 0.184570
0 0.565104 0.729004 0.299479 0.190430
0 0.334635 0.882324 0.223958 0.159180
0 0.46224 0.377441 0.166667 0.116211
0 0.17643200000000003 0.555176 0.352865 0.233398
0 0.860677 0.210938 0.203125 0.183594
0 0.48763 0.250488 0.196615 0.116211
0 0.49609400000000003 0.073730 0.184896 0.145508
0 0.674479 0.120117 0.205729 0.121094
0 0.597656 0.273438 0.127604 0.103516
0 0.557292 0.382324 0.148438 0.151367
0 0.326172 0.211426 0.147135 0.114258
0 0.18880200000000003 0.189941 0.190104 0.151367
0 0.29622400000000004 0.362305 0.194010 0.167969
