0 0.512370 0.652344 0.139323 0.132812
0 0.811849 0.681641 0.180990 0.154297
0 0.651693 0.568359 0.183594 0.146484
0 0.349609 0.640625 0.225260 0.144531
0 0.172526 0.552246 0.222656 0.114258
0 0.399740 0.490723 0.130208 0.086914
0 0.386068 0.561035 0.121094 0.069336
0 0.672526 0.426270 0.180990 0.127930
0 0.744792 0.375488 0.195312 0.106445
0 0.930339 0.452148 0.139323 0.158203
0 0.914062 0.588379 0.171875 0.125977
0 0.595703 0.276367 0.131510 0.162109
0 0.740885 0.266602 0.145833 0.117188
0 0.349609 0.272461 0.152344 0.117188
0 0.238932 0.365234 0.162760 0.119141
0 0.276693 0.444336 0.144531 0.109375
0 0.151693 0.431152 0.134115 0.124023
0 0.048828 0.434570 0.095052 0.117188
0 0.505208 0.396973 0.145833 0.084961
0 0.220052 0.167969 0.101562 0.085938
0 0.386068 0.172852 0.121094 0.091797
0 0.679688 0.175293 0.122396 0.086914
