0 0.34765599999999997 0.238770 0.250000 0.184570
0 0.516927 0.483398 0.289062 0.197266
0 0.555339 0.666992 0.347656 0.210938
0 0.33398399999999995 0.778320 0.321615 0.253906
0 0.563151 0.887695 0.282552 0.224609
0 0.796875 0.817383 0.286458 0.275391
0 0.682292 0.734863 0.210938 0.125977
0 0.90625 0.710449 0.184896 0.168945
0 0.12239599999999995 0.587891 0.171875 0.185547
0 0.06445299999999998 0.824219 0.128906 0.128906
0 0.633464 0.377930 0.256510 0.123047
0 0.489583 0.292480 0.229167 0.147461
0 0.766276 0.196777 0.167969 0.127930
0 0.5097659999999999 0.182617 0.095052 0.101562
