0 0.844727 0.829429 0.179688 0.253294
0 0.90918 0.743777 0.179688 0.272328
0 0.5190429999999999 0.696193 0.252930 0.262079
0 0.354004 0.675695 0.188477 0.212299
0 0.24462899999999999 0.508053 0.209961 0.284041
0 0.22314500000000004 0.258419 0.225586 0.279649
0 0.132324 0.109078 0.264648 0.215227
0 0.87793 0.218887 0.242188 0.300146
0 0.737305 0.225476 0.193359 0.286969
0 0.474121 0.183748 0.221680 0.317716
0 0.718262 0.480234 0.217773 0.245974
0 0.558594 0.516837 0.222656 0.231332
0 0.39648399999999995 0.339678 0.214844 0.184480
