0 0.34375 0.321289 0.257812 0.250000
0 0.15559900000000004 0.333984 0.212240 0.232422
0 0.16210899999999995 0.510742 0.222656 0.162109
0 0.38737 0.512695 0.212240 0.140625
0 0.502604 0.313477 0.283854 0.238281
0 0.7714840000000001 0.240234 0.282552 0.207031
0 0.653646 0.652832 0.200521 0.163086
0 0.878255 0.637695 0.240885 0.191406
0 0.442708 0.637207 0.242188 0.184570
0 0.8378909999999999 0.839844 0.248698 0.164062
0 0.496745 0.740234 0.217448 0.130859
0 0.272135 0.910156 0.231771 0.179688
0 0.10611999999999999 0.842285 0.194010 0.122070
0 0.11653599999999997 0.097656 0.222656 0.193359
