0 0.8066409999999999 0.305339 0.224609 0.243490
0 0.888184 0.513672 0.221680 0.292969
0 0.6528320000000001 0.623047 0.336914 0.488281
0 0.36425799999999997 0.546875 0.251953 0.408854
0 0.11523399999999995 0.747396 0.154297 0.221354
0 0.42138699999999996 0.888672 0.245117 0.222656
0 0.592285 0.246745 0.180664 0.269531
0 0.31396500000000005 0.247396 0.206055 0.322917
0 0.132324 0.240234 0.209961 0.329427
0 0.09082000000000001 0.532552 0.115234 0.143229
0 0.17236300000000004 0.550781 0.163086 0.223958
0 0.414551 0.351562 0.200195 0.283854
