0 0.29362 0.925293 0.305990 0.149414
0 0.48046900000000003 0.770508 0.208333 0.132812
0 0.77474 0.721191 0.372396 0.184570
0 0.670573 0.539551 0.322917 0.172852
0 0.29947900000000005 0.424316 0.276042 0.182617
0 0.31835899999999995 0.701172 0.199219 0.138672
0 0.16015599999999997 0.721191 0.242188 0.168945
0 0.315755 0.083496 0.235677 0.145508
0 0.7441409999999999 0.051758 0.209635 0.089844
0 0.898438 0.384277 0.200521 0.129883
0 0.7441409999999999 0.316895 0.204427 0.098633
0 0.7128909999999999 0.243652 0.191406 0.069336
