0 0.534505 0.800781 0.360677 0.333984
0 0.713542 0.597656 0.234375 0.218750
0 0.567708 0.455078 0.231771 0.238281
0 0.37109400000000003 0.515625 0.195312 0.160156
0 0.21223999999999998 0.442871 0.182292 0.186523
0 0.645833 0.168457 0.260417 0.143555
0 0.63737 0.285645 0.313802 0.165039
0 0.17447900000000005 0.196289 0.192708 0.169922
0 0.09765599999999997 0.348145 0.195312 0.170898
0 0.22721400000000003 0.760742 0.295573 0.208984
0 0.903646 0.480957 0.190104 0.209961
0 0.9003909999999999 0.251953 0.196615 0.222656
0 0.746745 0.083008 0.207031 0.164062
0 0.77474 0.851074 0.257812 0.157227
0 0.382161 0.854004 0.144531 0.114258
