0 0.465495 0.800781 0.360677 0.333984
0 0.286458 0.597656 0.234375 0.218750
0 0.432292 0.455078 0.231771 0.238281
0 0.628906 0.515625 0.195312 0.160156
0 0.787760 0.442871 0.182292 0.186523
0 0.354167 0.168457 0.260417 0.143555
0 0.362630 0.285645 0.313802 0.165039
0 0.825521 0.196289 0.192708 0.169922
0 0.902344 0.348145 0.195312 0.170898
0 0.772786 0.760742 0.295573 0.208984
0 0.096354 0.480957 0.190104 0.209961
0 0.099609 0.251953 0.196615 0.222656
0 0.253255 0.083008 0.207031 0.164062
0 0.225260 0.851074 0.257812 0.157227
0 0.617839 0.854004 0.144531 0.114258
