0 0.520996 0.684896 0.331055 0.390625
0 0.9003909999999999 0.796224 0.197266 0.337240
0 0.698242 0.829427 0.123047 0.205729
0 0.5712889999999999 0.824219 0.070312 0.075521
0 0.551758 0.892578 0.074219 0.076823
0 0.25 0.493490 0.224609 0.231771
0 0.395996 0.296875 0.256836 0.369792
0 0.6049800000000001 0.434245 0.151367 0.256510
0 0.7377929999999999 0.324219 0.092773 0.096354
0 0.813965 0.305990 0.106445 0.130208
0 0.553223 0.251953 0.135742 0.167969
0 0.8369139999999999 0.182943 0.099609 0.102865
0 0.731445 0.177734 0.103516 0.136719
