0 0.3125 0.350260 0.148438 0.263021
0 0.799805 0.095052 0.078125 0.106771
0 0.777832 0.525391 0.163086 0.126302
0 0.46093799999999996 0.592448 0.234375 0.257812
0 0.11230499999999999 0.646484 0.148438 0.217448
0 0.195801 0.279297 0.116211 0.157552
0 0.20507799999999998 0.434896 0.117188 0.218750
0 0.06591800000000003 0.363281 0.131836 0.184896
0 0.686035 0.371094 0.172852 0.192708
0 0.661133 0.525391 0.097656 0.199219
0 0.070801 0.836589 0.100586 0.183594
0 0.157227 0.789062 0.105469 0.127604
0 0.610352 0.089844 0.115234 0.085938
0 0.541992 0.060547 0.058594 0.118490
