0 0.067383 0.217742 0.132812 0.203812
0 0.150391 0.399560 0.134766 0.177419
0 0.049805 0.396628 0.097656 0.153959
0 0.160645 0.585777 0.110352 0.171554
0 0.437988 0.222874 0.174805 0.208211
0 0.116699 0.917889 0.127930 0.164223
0 0.325684 0.823314 0.161133 0.241935
0 0.418457 0.811584 0.135742 0.233138
0 0.457520 0.942815 0.100586 0.114370
0 0.573730 0.631232 0.198242 0.268328
0 0.389160 0.483871 0.118164 0.175953
0 0.548828 0.424487 0.193359 0.233138
0 0.280762 0.446481 0.198242 0.239003
0 0.493164 0.096774 0.175781 0.190616
0 0.927734 0.502933 0.144531 0.272727
0 0.941895 0.270528 0.116211 0.151026
0 0.939453 0.128299 0.121094 0.203812
0 0.620605 0.155425 0.198242 0.196481
0 0.696777 0.458211 0.163086 0.168622
0 0.884277 0.677419 0.168945 0.208211
0 0.809082 0.109238 0.174805 0.136364
0 0.195801 0.186217 0.159180 0.190616
0 0.091309 0.676686 0.149414 0.197947
0 0.652832 0.609238 0.090820 0.115836
