0 0.48763 0.652344 0.139323 0.132812
0 0.18815099999999996 0.681641 0.180990 0.154297
0 0.34830700000000003 0.568359 0.183594 0.146484
0 0.6503909999999999 0.640625 0.225260 0.144531
0 0.827474 0.552246 0.222656 0.114258
0 0.60026 0.490723 0.130208 0.086914
0 0.6139319999999999 0.561035 0.121094 0.069336
0 0.32747400000000004 0.426270 0.180990 0.127930
0 0.255208 0.375488 0.195312 0.106445
0 0.06966099999999997 0.452148 0.139323 0.158203
0 0.08593799999999996 0.588379 0.171875 0.125977
0 0.404297 0.276367 0.131510 0.162109
0 0.259115 0.266602 0.145833 0.117188
0 0.6503909999999999 0.272461 0.152344 0.117188
0 0.761068 0.365234 0.162760 0.119141
0 0.7233069999999999 0.444336 0.144531 0.109375
0 0.848307 0.431152 0.134115 0.124023
0 0.951172 0.434570 0.095052 0.117188
0 0.494792 0.396973 0.145833 0.084961
0 0.779948 0.167969 0.101562 0.085938
0 0.6139319999999999 0.172852 0.121094 0.091797
0 0.32031200000000004 0.175293 0.122396 0.086914
