0 0.642090 0.661458 0.211914 0.257812
0 0.316895 0.663411 0.153320 0.220052
0 0.518555 0.497396 0.187500 0.218750
0 0.507812 0.248698 0.146484 0.190104
0 0.351074 0.270833 0.084961 0.080729
0 0.282715 0.338542 0.061523 0.083333
0 0.661133 0.298828 0.115234 0.186198
0 0.412109 0.542318 0.087891 0.180990
0 0.033203 0.037760 0.064453 0.072917
0 0.924805 0.263021 0.093750 0.122396
0 0.762695 0.205729 0.068359 0.109375
0 0.808594 0.078776 0.064453 0.100260
0 0.331055 0.218099 0.095703 0.097656
0 0.318848 0.400391 0.100586 0.160156
