0 0.878418 0.262153 0.112305 0.170139
0 0.805176 0.348958 0.092773 0.138889
0 0.6918949999999999 0.310764 0.084961 0.149306
0 0.606445 0.283854 0.058594 0.109375
0 0.5527340000000001 0.314236 0.037109 0.059028
0 0.54541 0.478299 0.088867 0.144097
0 0.428223 0.466146 0.088867 0.175347
0 0.33300799999999997 0.553819 0.111328 0.232639
0 0.46826199999999996 0.624132 0.073242 0.130208
0 0.16308599999999995 0.361979 0.105469 0.175347
0 0.39111300000000004 0.151910 0.090820 0.171875
0 0.08252000000000004 0.294271 0.038086 0.078125
0 0.05029300000000003 0.340278 0.098633 0.250000
