0 0.778646 0.607910 0.247396 0.184570
0 0.575521 0.574707 0.184896 0.124023
0 0.6347659999999999 0.780762 0.339844 0.342773
0 0.17903599999999997 0.688965 0.358073 0.346680
0 0.28059900000000004 0.858887 0.441406 0.282227
0 0.477865 0.183594 0.416667 0.216797
0 0.795573 0.270508 0.252604 0.201172
0 0.12760400000000005 0.257812 0.190104 0.103516
0 0.25390599999999997 0.372559 0.265625 0.223633
0 0.461589 0.372559 0.266927 0.223633
0 0.936849 0.327637 0.123698 0.081055
0 0.929688 0.417969 0.138021 0.138672
