0 0.547852 0.525391 0.242188 0.342448
0 0.785645 0.584635 0.188477 0.216146
0 0.24023399999999995 0.689453 0.246094 0.313802
0 0.251953 0.369141 0.167969 0.259115
0 0.14257799999999998 0.346354 0.232422 0.231771
0 0.392578 0.520182 0.263672 0.313802
0 0.06640599999999997 0.555339 0.132812 0.227865
0 0.785156 0.827474 0.246094 0.225260
0 0.56543 0.772135 0.226562 0.289062
0 0.12548800000000004 0.873047 0.147461 0.147135
0 0.785645 0.423177 0.198242 0.174479
0 0.737305 0.260417 0.244141 0.250000
0 0.537598 0.233073 0.223633 0.299479
0 0.35497999999999996 0.752604 0.147461 0.169271
0 0.376953 0.191406 0.152344 0.140625
0 0.25683599999999995 0.166667 0.205078 0.127604
