0 0.892578 0.403646 0.117188 0.135417
0 0.79541 0.290365 0.098633 0.119792
0 0.888184 0.292969 0.081055 0.106771
0 0.6875 0.697917 0.105469 0.138021
0 0.5825199999999999 0.649089 0.104492 0.180990
0 0.30371099999999995 0.587891 0.060547 0.087240
0 0.641113 0.835286 0.063477 0.092448
0 0.40332 0.619792 0.117188 0.138021
0 0.761719 0.477865 0.068359 0.080729
0 0.698242 0.382161 0.087891 0.095052
0 0.593262 0.250000 0.096680 0.132812
0 0.530273 0.447266 0.083984 0.095052
0 0.46826199999999996 0.505859 0.086914 0.087240
0 0.5087889999999999 0.805990 0.070312 0.104167
0 0.62207 0.912109 0.095703 0.118490
0 0.689453 0.877604 0.074219 0.106771
0 0.696777 0.953776 0.047852 0.079427
0 0.754883 0.586589 0.072266 0.095052
