0 0.519531 0.769531 0.252604 0.179688
0 0.539062 0.305664 0.169271 0.134766
0 0.371094 0.425781 0.187500 0.134766
0 0.713542 0.898926 0.226562 0.186523
0 0.869792 0.409180 0.203125 0.142578
0 0.852865 0.162598 0.195312 0.124023
0 0.700521 0.083984 0.210938 0.166016
0 0.725911 0.338379 0.165365 0.075195
0 0.691406 0.593750 0.119792 0.070312
0 0.889974 0.656250 0.220052 0.140625
0 0.927734 0.549805 0.144531 0.140625
0 0.639974 0.417969 0.217448 0.111328
0 0.248047 0.777832 0.230469 0.178711
0 0.114583 0.775391 0.187500 0.156250
