0 0.6059570000000001 0.705710 0.258789 0.325037
0 0.567871 0.275988 0.235352 0.241581
0 0.458496 0.508785 0.135742 0.241581
0 0.382324 0.350659 0.215820 0.259151
0 0.78418 0.428258 0.277344 0.344070
0 0.21435499999999996 0.430454 0.260742 0.310395
0 0.211426 0.166911 0.278320 0.248902
0 0.38476600000000005 0.707906 0.228516 0.262079
0 0.883789 0.896047 0.230469 0.207906
0 0.342773 0.895315 0.220703 0.209370
0 0.09863299999999997 0.877013 0.197266 0.245974
0 0.07959000000000005 0.401903 0.159180 0.423133
