0 0.44433599999999995 0.595900 0.169922 0.243045
0 0.319824 0.491215 0.172852 0.206442
0 0.47314500000000004 0.412884 0.153320 0.219619
0 0.37109400000000003 0.313324 0.171875 0.187408
0 0.6362300000000001 0.221816 0.147461 0.150805
0 0.6840820000000001 0.354319 0.163086 0.175695
0 0.732422 0.129575 0.148438 0.159590
0 0.43408199999999997 0.929722 0.092773 0.105417
0 0.6528320000000001 0.782577 0.104492 0.168375
0 0.618652 0.857247 0.129883 0.224012
0 0.6005860000000001 0.673499 0.125000 0.105417
0 0.719727 0.727672 0.099609 0.117130
0 0.310547 0.931918 0.126953 0.121523
