0 0.5058590000000001 0.449707 0.261719 0.151367
0 0.37434900000000004 0.533691 0.251302 0.168945
0 0.23112 0.563477 0.227865 0.166016
0 0.25976600000000005 0.704590 0.160156 0.129883
0 0.11458299999999999 0.710938 0.200521 0.179688
0 0.34440099999999996 0.879883 0.214844 0.185547
0 0.878906 0.604004 0.218750 0.120117
0 0.600911 0.293457 0.253906 0.122070
0 0.600911 0.604492 0.162760 0.119141
0 0.44726600000000005 0.646973 0.191406 0.139648
0 0.10481799999999997 0.377441 0.201823 0.092773
0 0.290365 0.342285 0.190104 0.102539
0 0.882812 0.214355 0.221354 0.221680
0 0.7389319999999999 0.775879 0.152344 0.122070
0 0.898438 0.752930 0.195312 0.136719
0 0.91862 0.871582 0.160156 0.139648
0 0.776042 0.477051 0.151042 0.073242
0 0.07031200000000004 0.544922 0.140625 0.136719
