0 0.8496090000000001 0.629395 0.165365 0.108398
0 0.705729 0.541992 0.192708 0.113281
0 0.6451819999999999 0.772949 0.097656 0.075195
0 0.876302 0.786621 0.140625 0.092773
0 0.5253909999999999 0.382324 0.243490 0.120117
0 0.507161 0.525879 0.183594 0.114258
0 0.501953 0.638672 0.139323 0.089844
0 0.24348999999999998 0.409180 0.135417 0.085938
0 0.510417 0.174805 0.119792 0.095703
0 0.32552099999999995 0.190430 0.213542 0.111328
0 0.340495 0.469727 0.134115 0.105469
0 0.719401 0.641113 0.201823 0.143555
0 0.529297 0.297852 0.134115 0.103516
