0 0.34423800000000004 0.160590 0.086914 0.137153
0 0.463379 0.921875 0.108398 0.152778
0 0.35986300000000004 0.822049 0.075195 0.137153
0 0.29540999999999995 0.733507 0.057617 0.161458
0 0.171875 0.747396 0.093750 0.123264
0 0.05908199999999997 0.664931 0.090820 0.121528
0 0.44970699999999997 0.437500 0.043945 0.090278
0 0.49121099999999995 0.279514 0.083984 0.093750
0 0.515137 0.204861 0.075195 0.128472
0 0.346191 0.477431 0.028320 0.045139
0 0.28515599999999997 0.432292 0.072266 0.156250
0 0.21533199999999997 0.404514 0.063477 0.086806
0 0.13427699999999998 0.434028 0.057617 0.076389
