0 0.595703 0.855469 0.194010 0.166016
0 0.35156200000000004 0.727051 0.164062 0.141602
0 0.384115 0.613770 0.135417 0.084961
0 0.20182299999999997 0.573242 0.218750 0.144531
0 0.37109400000000003 0.381836 0.195312 0.087891
0 0.10742200000000002 0.308594 0.173177 0.070312
0 0.914062 0.402832 0.145833 0.100586
0 0.9472659999999999 0.514648 0.102865 0.097656
0 0.716797 0.402344 0.105469 0.072266
0 0.569661 0.493652 0.134115 0.129883
0 0.785156 0.543945 0.169271 0.105469
0 0.21289100000000005 0.578125 0.209635 0.126953
0 0.561849 0.683105 0.212240 0.114258
0 0.878255 0.655762 0.131510 0.098633
0 0.78776 0.539062 0.174479 0.087891
0 0.8183590000000001 0.345215 0.186198 0.100586
0 0.733724 0.255371 0.144531 0.067383
0 0.732422 0.337402 0.162760 0.063477
