0 0.77832 0.558594 0.242188 0.200521
0 0.604004 0.739583 0.188477 0.231771
0 0.31933599999999995 0.654297 0.160156 0.194010
0 0.22070299999999998 0.874349 0.173828 0.227865
0 0.512695 0.885417 0.115234 0.179688
0 0.754395 0.386719 0.227539 0.216146
0 0.524902 0.335938 0.139648 0.210938
0 0.44238299999999997 0.336589 0.138672 0.154948
0 0.35888699999999996 0.494792 0.137695 0.210938
0 0.21826199999999996 0.361328 0.166992 0.212240
0 0.21728499999999995 0.551432 0.159180 0.160156
0 0.12695299999999998 0.796875 0.130859 0.177083
0 0.317871 0.838542 0.147461 0.242188
0 0.59668 0.615234 0.162109 0.154948
0 0.699219 0.794922 0.093750 0.134115
0 0.6630860000000001 0.922526 0.152344 0.154948
0 0.59082 0.954427 0.101562 0.091146
0 0.442871 0.875000 0.061523 0.164062
0 0.365723 0.906901 0.120117 0.186198
0 0.847168 0.373698 0.131836 0.091146
0 0.763672 0.263021 0.162109 0.114583
0 0.719727 0.132161 0.134766 0.199219
0 0.606445 0.139323 0.117188 0.132812
0 0.597656 0.243490 0.103516 0.135417
0 0.36279300000000003 0.180339 0.202148 0.214844
0 0.20752000000000004 0.207031 0.157227 0.158854
0 0.08984400000000003 0.251302 0.179688 0.171875
0 0.910645 0.719401 0.133789 0.230469
