0 0.40234400000000003 0.485677 0.214844 0.218750
0 0.19531200000000004 0.686198 0.140625 0.182292
0 0.45898399999999995 0.774740 0.275391 0.307292
0 0.619629 0.665365 0.223633 0.322917
0 0.328125 0.311198 0.220703 0.229167
0 0.31689500000000004 0.788411 0.321289 0.329427
0 0.725098 0.906901 0.211914 0.186198
0 0.8369139999999999 0.884766 0.169922 0.230469
0 0.863281 0.541667 0.259766 0.377604
0 0.9277340000000001 0.123047 0.140625 0.173177
0 0.389648 0.138672 0.187500 0.274740
0 0.772949 0.122396 0.161133 0.200521
0 0.8349610000000001 0.222005 0.234375 0.147135
0 0.08935499999999996 0.876302 0.178711 0.247396
0 0.174805 0.412760 0.199219 0.356771
0 0.7109380000000001 0.699870 0.130859 0.220052
