0 0.20752000000000004 0.376833 0.221680 0.214076
0 0.09960899999999995 0.606061 0.148438 0.213099
0 0.08886700000000003 0.266862 0.156250 0.217009
0 0.458496 0.744379 0.110352 0.145650
0 0.7309570000000001 0.623656 0.155273 0.166178
0 0.92627 0.753177 0.120117 0.167155
0 0.765625 0.788856 0.201172 0.146628
0 0.749512 0.889052 0.211914 0.221896
0 0.35888699999999996 0.907136 0.211914 0.185728
0 0.15283199999999997 0.771261 0.219727 0.217009
0 0.45459000000000005 0.370479 0.143555 0.168133
0 0.38183599999999995 0.507331 0.167969 0.117302
0 0.6875 0.322581 0.121094 0.177908
