0 0.443848 0.368490 0.325195 0.406250
0 0.566895 0.662760 0.282227 0.346354
0 0.828613 0.808594 0.299805 0.296875
0 0.824219 0.626302 0.199219 0.244792
0 0.850098 0.204427 0.143555 0.184896
0 0.633301 0.092448 0.159180 0.182292
0 0.192871 0.444661 0.161133 0.191406
0 0.170898 0.128255 0.091797 0.134115
0 0.079102 0.109375 0.083984 0.114583
0 0.089844 0.201172 0.103516 0.152344
0 0.540527 0.079427 0.149414 0.156250
0 0.339844 0.065755 0.166016 0.128906
0 0.229492 0.265625 0.130859 0.179688
0 0.285645 0.649740 0.252930 0.260417
