0 0.245443 0.651855 0.217448 0.161133
0 0.378255 0.410156 0.230469 0.218750
0 0.581380 0.434570 0.173177 0.138672
0 0.578125 0.535156 0.203125 0.148438
0 0.557292 0.675781 0.127604 0.105469
0 0.360677 0.283203 0.216146 0.117188
0 0.486979 0.235352 0.187500 0.152344
0 0.591797 0.281738 0.123698 0.092773
0 0.576172 0.366211 0.147135 0.097656
0 0.233724 0.521484 0.209635 0.121094
0 0.365234 0.189453 0.126302 0.103516
0 0.749349 0.293945 0.154948 0.095703
0 0.766927 0.224121 0.169271 0.129883
0 0.785807 0.407715 0.126302 0.122070
