0 0.404297 0.855469 0.194010 0.166016
0 0.648438 0.727051 0.164062 0.141602
0 0.615885 0.613770 0.135417 0.084961
0 0.798177 0.573242 0.218750 0.144531
0 0.628906 0.381836 0.195312 0.087891
0 0.892578 0.308594 0.173177 0.070312
0 0.085938 0.402832 0.145833 0.100586
0 0.052734 0.514648 0.102865 0.097656
0 0.283203 0.402344 0.105469 0.072266
0 0.430339 0.493652 0.134115 0.129883
0 0.214844 0.543945 0.169271 0.105469
0 0.787109 0.578125 0.209635 0.126953
0 0.438151 0.683105 0.212240 0.114258
0 0.121745 0.655762 0.131510 0.098633
0 0.212240 0.539062 0.174479 0.087891
0 0.181641 0.345215 0.186198 0.100586
0 0.266276 0.255371 0.144531 0.067383
0 0.267578 0.337402 0.162760 0.063477
