1 0.6535949999999999 0.395508 0.342484 0.289062
1 0.5052289999999999 0.614258 0.406536 0.333984
1 0.42614399999999997 0.845703 0.243137 0.177734
1 0.24509800000000004 0.599609 0.179085 0.152344
1 0.37451 0.366699 0.247059 0.204102
1 0.673203 0.772461 0.271895 0.222656
1 0.886275 0.597656 0.224837 0.191406
1 0.8823529999999999 0.789062 0.232680 0.210938
0 0.841176 0.290039 0.215686 0.189453
0 0.09803899999999999 0.690430 0.196078 0.203125
0 0.10392199999999996 0.498535 0.207843 0.215820
0 0.517647 0.056152 0.214379 0.110352
0 0.239869 0.141113 0.202614 0.151367
0 0.862745 0.070801 0.271895 0.139648
