1 0.485243 0.697266 0.196181 0.132812
1 0.667535 0.677246 0.217014 0.157227
1 0.506944 0.813477 0.201389 0.134766
1 0.722222 0.803711 0.170139 0.105469
1 0.300347 0.548828 0.211806 0.111328
1 0.292535 0.440918 0.227431 0.108398
1 0.883681 0.696777 0.232639 0.135742
1 0.845486 0.885742 0.309028 0.166016
1 0.499132 0.950195 0.439236 0.099609
1 0.897569 0.944824 0.204861 0.110352
1 0.681424 0.889648 0.154514 0.048828
1 0.565972 0.541016 0.270833 0.123047
1 0.582465 0.434570 0.324653 0.148438
1 0.169271 0.340332 0.161458 0.122070
1 0.371528 0.292480 0.222222 0.098633
1 0.438368 0.202148 0.203125 0.117188
1 0.643229 0.142090 0.414931 0.176758
1 0.229167 0.240723 0.236111 0.098633
1 0.224826 0.174316 0.265625 0.112305
1 0.090278 0.062500 0.177083 0.123047
1 0.289062 0.048828 0.279514 0.095703
