1 0.593750 0.872559 0.278646 0.254883
1 0.302734 0.726074 0.274740 0.211914
1 0.442057 0.496094 0.207031 0.146484
1 0.459635 0.937012 0.119792 0.106445
1 0.436198 0.779297 0.138021 0.052734
1 0.231771 0.782715 0.164062 0.122070
1 0.220052 0.390137 0.223958 0.163086
1 0.435547 0.263184 0.329427 0.190430
1 0.642578 0.283203 0.261719 0.169922
1 0.677083 0.450195 0.169271 0.109375
1 0.279948 0.058594 0.205729 0.115234
1 0.694010 0.589844 0.166667 0.132812
1 0.772786 0.421387 0.157552 0.090820
1 0.798177 0.369629 0.135417 0.090820
1 0.391927 0.081055 0.263021 0.146484
1 0.553385 0.156738 0.195312 0.081055
