1 0.514757 0.697266 0.196181 0.132812
1 0.332465 0.677246 0.217014 0.157227
1 0.49305600000000005 0.813477 0.201389 0.134766
1 0.27777799999999997 0.803711 0.170139 0.105469
1 0.6996530000000001 0.548828 0.211806 0.111328
1 0.707465 0.440918 0.227431 0.108398
1 0.11631899999999995 0.696777 0.232639 0.135742
1 0.15451400000000004 0.885742 0.309028 0.166016
1 0.500868 0.950195 0.439236 0.099609
1 0.10243100000000005 0.944824 0.204861 0.110352
1 0.31857599999999997 0.889648 0.154514 0.048828
1 0.43402799999999997 0.541016 0.270833 0.123047
1 0.417535 0.434570 0.324653 0.148438
1 0.830729 0.340332 0.161458 0.122070
1 0.6284719999999999 0.292480 0.222222 0.098633
1 0.561632 0.202148 0.203125 0.117188
1 0.35677099999999995 0.142090 0.414931 0.176758
1 0.770833 0.240723 0.236111 0.098633
1 0.775174 0.174316 0.265625 0.112305
1 0.909722 0.062500 0.177083 0.123047
1 0.7109380000000001 0.048828 0.279514 0.095703
