1 0.602865 0.765137 0.179688 0.149414
1 0.355469 0.819336 0.229167 0.173828
1 0.283854 0.938965 0.166667 0.122070
1 0.468099 0.671387 0.144531 0.100586
1 0.345703 0.670898 0.115885 0.093750
1 0.431641 0.607422 0.105469 0.054688
1 0.567708 0.604980 0.148438 0.114258
1 0.729167 0.658691 0.143229 0.124023
1 0.608724 0.464355 0.134115 0.073242
1 0.451172 0.500000 0.123698 0.072266
1 0.462240 0.555664 0.143229 0.054688
1 0.673177 0.914551 0.127604 0.127930
1 0.432943 0.875488 0.165365 0.249023
1 0.677083 0.535645 0.127604 0.073242
1 0.464193 0.449219 0.097656 0.048828
1 0.511719 0.428223 0.093750 0.043945
1 0.520182 0.362305 0.079427 0.048828
1 0.424479 0.354980 0.091146 0.047852
1 0.514323 0.313477 0.117188 0.027344
1 0.436849 0.278809 0.079427 0.049805
1 0.515625 0.197266 0.057292 0.033203
1 0.516927 0.247559 0.083333 0.055664
