1 0.60026 0.803711 0.187500 0.148438
1 0.45572900000000005 0.695801 0.260417 0.176758
1 0.39322900000000005 0.825684 0.210938 0.127930
1 0.533203 0.897461 0.170573 0.113281
1 0.709635 0.666992 0.250000 0.164062
1 0.6972659999999999 0.548828 0.225260 0.169922
1 0.630208 0.412598 0.226562 0.165039
1 0.7441409999999999 0.303223 0.266927 0.157227
1 0.748698 0.159668 0.252604 0.174805
1 0.46484400000000003 0.201660 0.289062 0.127930
1 0.14713500000000002 0.768555 0.174479 0.138672
1 0.07552099999999995 0.869141 0.151042 0.121094
1 0.18880200000000003 0.602051 0.226562 0.151367
1 0.33984400000000003 0.605957 0.166667 0.112305
1 0.15039100000000005 0.355957 0.123698 0.083008
1 0.05794299999999997 0.222168 0.115885 0.120117
1 0.06510400000000005 0.328125 0.130208 0.140625
0 0.833333 0.946289 0.169271 0.085938
0 0.7298180000000001 0.927734 0.144531 0.070312
0 0.6048180000000001 0.957031 0.121094 0.076172
