1 0.5201819999999999 0.588379 0.259115 0.215820
1 0.460286 0.465332 0.269531 0.206055
1 0.58138 0.404785 0.209635 0.182617
1 0.40885400000000005 0.320312 0.250000 0.195312
1 0.20182299999999997 0.636719 0.252604 0.228516
1 0.58724 0.281250 0.184896 0.173828
1 0.369792 0.171387 0.263021 0.165039
1 0.5683590000000001 0.178223 0.178385 0.163086
1 0.38671900000000003 0.060059 0.296875 0.118164
1 0.23893200000000003 0.454102 0.191406 0.160156
1 0.361328 0.626465 0.128906 0.178711
1 0.8691409999999999 0.331543 0.259115 0.231445
1 0.905599 0.582031 0.186198 0.160156
1 0.867188 0.937988 0.187500 0.124023
1 0.882161 0.817871 0.173177 0.137695
1 0.6640619999999999 0.754395 0.268229 0.184570
1 0.750651 0.652832 0.264323 0.254883
