1 0.40771500000000005 0.705566 0.301758 0.311523
1 0.24609400000000003 0.498047 0.183594 0.238281
1 0.419922 0.402344 0.259766 0.251953
1 0.641113 0.087402 0.235352 0.172852
1 0.358398 0.082031 0.216797 0.162109
1 0.7431639999999999 0.419922 0.259766 0.201172
1 0.54541 0.517578 0.190430 0.240234
1 0.70459 0.595703 0.233398 0.181641
1 0.699219 0.832031 0.253906 0.253906
1 0.875 0.784180 0.248047 0.300781
1 0.793457 0.223633 0.387695 0.187500
1 0.889648 0.425781 0.218750 0.216797
1 0.302246 0.250488 0.170898 0.192383
