1 0.879395 0.460938 0.122070 0.151042
1 0.709473 0.397135 0.122070 0.164062
1 0.654297 0.525391 0.105469 0.102865
1 0.5043949999999999 0.366536 0.135742 0.175781
1 0.928711 0.673828 0.109375 0.121094
1 0.733887 0.720052 0.057617 0.083333
1 0.429199 0.553385 0.118164 0.143229
1 0.333496 0.452474 0.088867 0.126302
1 0.24511700000000003 0.582031 0.154297 0.187500
1 0.19091800000000003 0.460938 0.098633 0.140625
1 0.141602 0.581380 0.093750 0.100260
1 0.147949 0.396484 0.141602 0.165365
1 0.086426 0.490234 0.057617 0.063802
1 0.06298800000000004 0.424479 0.040039 0.046875
1 0.132324 0.523438 0.094727 0.125000
