1 0.623047 0.364258 0.292969 0.257812
1 0.613932 0.648926 0.316406 0.219727
1 0.893229 0.760254 0.213542 0.208008
1 0.769531 0.798340 0.239583 0.176758
1 0.561198 0.846191 0.221354 0.200195
1 0.372396 0.737305 0.242188 0.177734
1 0.317057 0.655762 0.238281 0.166992
1 0.124349 0.626465 0.246094 0.129883
1 0.098958 0.512207 0.192708 0.120117
1 0.336589 0.388184 0.358073 0.225586
1 0.231120 0.282227 0.152344 0.140625
1 0.093099 0.356934 0.121094 0.086914
1 0.130859 0.193848 0.170573 0.133789
1 0.419271 0.224609 0.296875 0.212891
1 0.605469 0.157227 0.278646 0.216797
1 0.795573 0.180664 0.278646 0.208984
1 0.225911 0.072754 0.152344 0.124023
1 0.404948 0.073242 0.270833 0.144531
1 0.125651 0.072754 0.121094 0.112305
1 0.914062 0.313965 0.171875 0.172852
1 0.920573 0.171387 0.158854 0.186523
1 0.832031 0.077148 0.192708 0.111328
1 0.581380 0.050781 0.217448 0.099609
