1 0.734375 0.678711 0.158854 0.132812
1 0.563151 0.755371 0.165365 0.100586
1 0.56901 0.853027 0.197917 0.127930
1 0.686198 0.776367 0.106771 0.078125
1 0.7389319999999999 0.842773 0.149740 0.076172
1 0.739583 0.929688 0.169271 0.134766
1 0.565755 0.966309 0.162760 0.067383
1 0.576172 0.679688 0.092448 0.070312
1 0.578125 0.619141 0.114583 0.072266
1 0.48372400000000004 0.587402 0.092448 0.051758
1 0.5371090000000001 0.530762 0.115885 0.059570
1 0.46809900000000004 0.467285 0.076823 0.045898
1 0.535156 0.424805 0.130208 0.083984
