1 0.397135 0.765137 0.179688 0.149414
1 0.644531 0.819336 0.229167 0.173828
1 0.716146 0.938965 0.166667 0.122070
1 0.531901 0.671387 0.144531 0.100586
1 0.654297 0.670898 0.115885 0.093750
1 0.5683590000000001 0.607422 0.105469 0.054688
1 0.432292 0.604980 0.148438 0.114258
1 0.270833 0.658691 0.143229 0.124023
1 0.39127599999999996 0.464355 0.134115 0.073242
1 0.548828 0.500000 0.123698 0.072266
1 0.53776 0.555664 0.143229 0.054688
1 0.326823 0.914551 0.127604 0.127930
1 0.5670569999999999 0.875488 0.165365 0.249023
1 0.322917 0.535645 0.127604 0.073242
1 0.5358069999999999 0.449219 0.097656 0.048828
1 0.48828099999999997 0.428223 0.093750 0.043945
1 0.47981799999999997 0.362305 0.079427 0.048828
1 0.575521 0.354980 0.091146 0.047852
1 0.485677 0.313477 0.117188 0.027344
1 0.563151 0.278809 0.079427 0.049805
1 0.484375 0.197266 0.057292 0.033203
1 0.483073 0.247559 0.083333 0.055664
