1 0.438802 0.665527 0.291667 0.209961
1 0.708333 0.671387 0.239583 0.170898
1 0.741536 0.844238 0.256510 0.209961
1 0.485026 0.885254 0.337240 0.209961
1 0.121094 0.764160 0.239583 0.163086
1 0.156250 0.616699 0.257812 0.182617
1 0.171224 0.361816 0.227865 0.170898
1 0.425781 0.491211 0.239583 0.160156
1 0.646484 0.376953 0.246094 0.158203
1 0.888021 0.540039 0.223958 0.181641
1 0.931641 0.912109 0.136719 0.175781
1 0.909505 0.721680 0.180990 0.173828
1 0.692708 0.523926 0.223958 0.170898
1 0.877604 0.385742 0.223958 0.148438
1 0.817708 0.267090 0.226562 0.155273
1 0.378906 0.388184 0.244792 0.149414
1 0.381510 0.273438 0.268229 0.156250
1 0.139974 0.168945 0.186198 0.138672
1 0.205078 0.078613 0.157552 0.114258
1 0.356771 0.123047 0.216146 0.138672
1 0.552083 0.119141 0.195312 0.125000
1 0.651693 0.196289 0.212240 0.154297
1 0.758464 0.139160 0.222656 0.159180
1 0.102865 0.921875 0.203125 0.156250
1 0.244792 0.219238 0.135417 0.102539
1 0.500651 0.055664 0.209635 0.109375
1 0.689453 0.046387 0.194010 0.090820
