1 0.574219 0.729004 0.260417 0.166992
1 0.533203 0.901367 0.235677 0.197266
1 0.657552 0.448242 0.223958 0.089844
1 0.531901 0.436523 0.162760 0.097656
1 0.40234400000000003 0.297852 0.184896 0.080078
1 0.671875 0.225098 0.203125 0.071289
1 0.345052 0.460449 0.148438 0.077148
1 0.38997400000000004 0.489258 0.167969 0.095703
1 0.40039100000000005 0.110840 0.230469 0.108398
1 0.17968799999999996 0.223633 0.210938 0.132812
1 0.391927 0.653320 0.291667 0.207031
1 0.451172 0.217285 0.204427 0.108398
