1 0.717285 0.731120 0.139648 0.183594
1 0.592285 0.674479 0.079102 0.179688
1 0.462402 0.638672 0.118164 0.170573
1 0.358398 0.583333 0.117188 0.164062
1 0.26709000000000005 0.518880 0.083008 0.154948
1 0.20800799999999997 0.425130 0.097656 0.157552
1 0.35595699999999997 0.393229 0.100586 0.106771
1 0.44238299999999997 0.458333 0.105469 0.145833
1 0.30273399999999995 0.322917 0.085938 0.151042
1 0.15332 0.214193 0.126953 0.147135
1 0.08935499999999996 0.067057 0.133789 0.128906
1 0.823242 0.905599 0.146484 0.188802
1 0.936523 0.855469 0.125000 0.169271
1 0.906738 0.707031 0.139648 0.153646
1 0.698242 0.918620 0.125000 0.162760
1 0.459473 0.865885 0.120117 0.169271
1 0.399902 0.724609 0.098633 0.128906
1 0.11279300000000003 0.539062 0.094727 0.182292
1 0.05615199999999998 0.380208 0.100586 0.161458
