1 0.484375 0.610026 0.265625 0.363281
1 0.654297 0.618490 0.208984 0.346354
1 0.870117 0.550130 0.257812 0.373698
1 0.28564500000000004 0.561198 0.194336 0.322917
1 0.6630860000000001 0.319661 0.244141 0.319010
1 0.45898399999999995 0.276693 0.251953 0.311198
1 0.204102 0.406901 0.240234 0.363281
1 0.884277 0.215495 0.229492 0.298177
1 0.07421900000000003 0.838542 0.148438 0.177083
1 0.20996099999999995 0.790365 0.115234 0.148438
1 0.10546900000000003 0.631510 0.144531 0.187500
1 0.05957000000000001 0.399740 0.119141 0.213542
1 0.35595699999999997 0.932292 0.114258 0.111979
1 0.26953099999999997 0.964844 0.113281 0.070312
