1 0.376953 0.364258 0.292969 0.257812
1 0.38606799999999997 0.648926 0.316406 0.219727
1 0.10677099999999995 0.760254 0.213542 0.208008
1 0.23046900000000003 0.798340 0.239583 0.176758
1 0.438802 0.846191 0.221354 0.200195
1 0.627604 0.737305 0.242188 0.177734
1 0.6829430000000001 0.655762 0.238281 0.166992
1 0.875651 0.626465 0.246094 0.129883
1 0.901042 0.512207 0.192708 0.120117
1 0.663411 0.388184 0.358073 0.225586
1 0.76888 0.282227 0.152344 0.140625
1 0.906901 0.356934 0.121094 0.086914
1 0.8691409999999999 0.193848 0.170573 0.133789
1 0.580729 0.224609 0.296875 0.212891
1 0.39453099999999997 0.157227 0.278646 0.216797
1 0.20442700000000003 0.180664 0.278646 0.208984
1 0.774089 0.072754 0.152344 0.124023
1 0.595052 0.073242 0.270833 0.144531
1 0.874349 0.072754 0.121094 0.112305
1 0.08593799999999996 0.313965 0.171875 0.172852
1 0.07942700000000003 0.171387 0.158854 0.186523
1 0.16796900000000003 0.077148 0.192708 0.111328
1 0.41862 0.050781 0.217448 0.099609
