1 0.090820 0.206380 0.173828 0.199219
1 0.276855 0.158203 0.204102 0.227865
1 0.873535 0.194661 0.252930 0.337240
1 0.906738 0.529948 0.155273 0.213542
1 0.217773 0.584635 0.162109 0.192708
1 0.334473 0.768880 0.139648 0.207031
1 0.483398 0.748698 0.195312 0.231771
1 0.436523 0.613281 0.117188 0.166667
1 0.065430 0.660807 0.109375 0.160156
1 0.157715 0.754557 0.116211 0.183594
1 0.320801 0.448568 0.159180 0.199219
1 0.469727 0.448568 0.195312 0.209635
1 0.565430 0.569661 0.195312 0.214844
1 0.674316 0.659505 0.206055 0.204427
1 0.746094 0.481120 0.189453 0.199219
1 0.643555 0.363281 0.207031 0.242188
1 0.829590 0.332682 0.133789 0.191406
1 0.416504 0.296875 0.186523 0.205729
1 0.158691 0.395182 0.116211 0.180990
1 0.566406 0.301432 0.152344 0.183594
1 0.788574 0.158854 0.188477 0.177083
