1 0.120605 0.460938 0.122070 0.151042
1 0.290527 0.397135 0.122070 0.164062
1 0.345703 0.525391 0.105469 0.102865
1 0.495605 0.366536 0.135742 0.175781
1 0.071289 0.673828 0.109375 0.121094
1 0.266113 0.720052 0.057617 0.083333
1 0.570801 0.553385 0.118164 0.143229
1 0.666504 0.452474 0.088867 0.126302
1 0.754883 0.582031 0.154297 0.187500
1 0.809082 0.460938 0.098633 0.140625
1 0.858398 0.581380 0.093750 0.100260
1 0.852051 0.396484 0.141602 0.165365
1 0.913574 0.490234 0.057617 0.063802
1 0.937012 0.424479 0.040039 0.046875
1 0.867676 0.523438 0.094727 0.125000
