1 0.512478 0.436250 0.347594 0.182500
1 0.442959 0.087500 0.169340 0.115000
1 0.751337 0.092500 0.365419 0.182500
1 0.645276 0.308750 0.327986 0.195000
1 0.820856 0.376875 0.279857 0.181250
1 0.770945 0.530000 0.251337 0.192500
1 0.566845 0.593750 0.253119 0.180000
1 0.63369 0.744375 0.304813 0.193750
1 0.862745 0.681250 0.270945 0.210000
1 0.5311939999999999 0.875625 0.310160 0.188750
1 0.860071 0.832500 0.233512 0.202500
1 0.7852049999999999 0.920625 0.297683 0.158750
1 0.916221 0.223750 0.163993 0.190000
