1 0.515625 0.610026 0.265625 0.363281
1 0.345703 0.618490 0.208984 0.346354
1 0.129883 0.550130 0.257812 0.373698
1 0.714355 0.561198 0.194336 0.322917
1 0.336914 0.319661 0.244141 0.319010
1 0.541016 0.276693 0.251953 0.311198
1 0.795898 0.406901 0.240234 0.363281
1 0.115723 0.215495 0.229492 0.298177
1 0.925781 0.838542 0.148438 0.177083
1 0.790039 0.790365 0.115234 0.148438
1 0.894531 0.631510 0.144531 0.187500
1 0.940430 0.399740 0.119141 0.213542
1 0.644043 0.932292 0.114258 0.111979
1 0.730469 0.964844 0.113281 0.070312
