1 0.346405 0.395508 0.342484 0.289062
1 0.494771 0.614258 0.406536 0.333984
1 0.573856 0.845703 0.243137 0.177734
1 0.754902 0.599609 0.179085 0.152344
1 0.625490 0.366699 0.247059 0.204102
1 0.326797 0.772461 0.271895 0.222656
1 0.113725 0.597656 0.224837 0.191406
1 0.117647 0.789062 0.232680 0.210938
0 0.158824 0.290039 0.215686 0.189453
0 0.901961 0.690430 0.196078 0.203125
0 0.896078 0.498535 0.207843 0.215820
0 0.482353 0.056152 0.214379 0.110352
0 0.760131 0.141113 0.202614 0.151367
0 0.137255 0.070801 0.271895 0.139648
