1 0.535156 0.509766 0.193359 0.259115
1 0.618164 0.759115 0.201172 0.250000
1 0.720703 0.667969 0.166016 0.315104
1 0.657227 0.361328 0.074219 0.199219
1 0.731445 0.104167 0.152344 0.205729
1 0.226562 0.134115 0.259766 0.265625
1 0.285156 0.313151 0.212891 0.264323
1 0.115234 0.585286 0.228516 0.347656
1 0.074219 0.827474 0.146484 0.332031
1 0.200195 0.699870 0.099609 0.118490
1 0.266113 0.701823 0.069336 0.096354
1 0.199219 0.848958 0.105469 0.138021
1 0.301270 0.930990 0.088867 0.138021
1 0.308105 0.802734 0.088867 0.115885
1 0.178711 0.960938 0.103516 0.078125
1 0.096191 0.369792 0.165039 0.221354
1 0.109863 0.222005 0.155273 0.186198
1 0.052734 0.143229 0.103516 0.177083
