1 0.5410159999999999 0.504395 0.294922 0.315430
1 0.713867 0.501953 0.214844 0.279297
1 0.82373 0.600586 0.206055 0.191406
1 0.701172 0.750488 0.074219 0.086914
1 0.875977 0.706543 0.246094 0.274414
1 0.8652340000000001 0.898926 0.267578 0.202148
1 0.558594 0.862793 0.259766 0.211914
1 0.393555 0.799316 0.287109 0.239258
1 0.18164100000000005 0.862305 0.244141 0.195312
1 0.05957000000000001 0.906250 0.119141 0.187500
1 0.11474600000000001 0.331543 0.229492 0.354492
1 0.10449200000000003 0.575684 0.208984 0.247070
1 0.32128900000000005 0.562988 0.273438 0.331055
1 0.26953099999999997 0.325195 0.197266 0.261719
1 0.532227 0.274414 0.291016 0.246094
1 0.291504 0.080078 0.219727 0.158203
1 0.310547 0.178711 0.294922 0.226562
1 0.718262 0.095215 0.163086 0.184570
