1 0.37696300000000005 0.269155 0.235602 0.157171
1 0.5170159999999999 0.456778 0.243455 0.163065
1 0.46465999999999996 0.600196 0.227749 0.155206
1 0.6413610000000001 0.685658 0.193717 0.176817
1 0.39005199999999995 0.745580 0.251309 0.190570
1 0.632199 0.912574 0.232984 0.174853
1 0.429319 0.860511 0.246073 0.153242
1 0.701571 0.512770 0.204188 0.168959
1 0.594241 0.335953 0.204188 0.141454
1 0.570681 0.216110 0.209424 0.117878
1 0.5523560000000001 0.127701 0.157068 0.078585
1 0.629581 0.047151 0.170157 0.090373
