1 0.46484400000000003 0.509766 0.193359 0.259115
1 0.38183599999999995 0.759115 0.201172 0.250000
1 0.279297 0.667969 0.166016 0.315104
1 0.342773 0.361328 0.074219 0.199219
1 0.268555 0.104167 0.152344 0.205729
1 0.773438 0.134115 0.259766 0.265625
1 0.714844 0.313151 0.212891 0.264323
1 0.8847659999999999 0.585286 0.228516 0.347656
1 0.925781 0.827474 0.146484 0.332031
1 0.799805 0.699870 0.099609 0.118490
1 0.733887 0.701823 0.069336 0.096354
1 0.800781 0.848958 0.105469 0.138021
1 0.6987300000000001 0.930990 0.088867 0.138021
1 0.6918949999999999 0.802734 0.088867 0.115885
1 0.8212889999999999 0.960938 0.103516 0.078125
1 0.903809 0.369792 0.165039 0.221354
1 0.890137 0.222005 0.155273 0.186198
1 0.9472659999999999 0.143229 0.103516 0.177083
