1 0.220703 0.371582 0.235677 0.157227
1 0.222005 0.240234 0.272135 0.089844
1 0.190104 0.111816 0.239583 0.061523
1 0.380208 0.184082 0.164062 0.124023
1 0.634115 0.493164 0.229167 0.119141
1 0.576823 0.578613 0.203125 0.104492
1 0.335938 0.444336 0.101562 0.085938
1 0.411458 0.474121 0.080729 0.081055
1 0.673828 0.678711 0.110677 0.171875
1 0.573568 0.751953 0.136719 0.169922
1 0.475911 0.663086 0.188802 0.105469
1 0.410156 0.748047 0.169271 0.091797
1 0.473307 0.832031 0.136719 0.156250
1 0.324219 0.874512 0.166667 0.153320
1 0.228516 0.880371 0.113281 0.127930
1 0.809245 0.227539 0.186198 0.076172
1 0.834635 0.319336 0.153646 0.058594
1 0.841146 0.394043 0.158854 0.165039
