1 0.541667 0.590332 0.255208 0.190430
1 0.755208 0.715332 0.236979 0.151367
1 0.934896 0.752930 0.127604 0.173828
1 0.778646 0.599609 0.197917 0.091797
1 0.560547 0.404297 0.266927 0.173828
1 0.446615 0.258789 0.270833 0.203125
1 0.26106799999999997 0.314941 0.141927 0.135742
1 0.32226600000000005 0.185547 0.141927 0.142578
1 0.19726600000000005 0.199219 0.126302 0.121094
1 0.24283900000000003 0.097168 0.097656 0.104492
1 0.20703099999999997 0.047852 0.125000 0.093750
1 0.17122400000000004 0.105469 0.089844 0.064453
