1 0.409505 0.500000 0.149740 0.126953
1 0.30664100000000005 0.423340 0.180990 0.143555
1 0.670573 0.407227 0.263021 0.181641
1 0.40234400000000003 0.291016 0.171875 0.154297
1 0.565104 0.294922 0.190104 0.146484
1 0.722656 0.269043 0.187500 0.137695
1 0.641276 0.132324 0.162760 0.135742
1 0.467448 0.154785 0.197917 0.143555
1 0.48372400000000004 0.635254 0.209635 0.176758
1 0.6503909999999999 0.607910 0.157552 0.086914
1 0.53125 0.754883 0.122396 0.093750
1 0.6972659999999999 0.797852 0.139323 0.083984
1 0.673177 0.725098 0.104167 0.069336
1 0.18815099999999996 0.316895 0.079427 0.077148
1 0.190755 0.184082 0.136719 0.098633
1 0.33398399999999995 0.092773 0.191406 0.171875
1 0.532552 0.061523 0.197917 0.121094
