1 0.399740 0.803711 0.187500 0.148438
1 0.544271 0.695801 0.260417 0.176758
1 0.606771 0.825684 0.210938 0.127930
1 0.466797 0.897461 0.170573 0.113281
1 0.290365 0.666992 0.250000 0.164062
1 0.302734 0.548828 0.225260 0.169922
1 0.369792 0.412598 0.226562 0.165039
1 0.255859 0.303223 0.266927 0.157227
1 0.251302 0.159668 0.252604 0.174805
1 0.535156 0.201660 0.289062 0.127930
1 0.852865 0.768555 0.174479 0.138672
1 0.924479 0.869141 0.151042 0.121094
1 0.811198 0.602051 0.226562 0.151367
1 0.660156 0.605957 0.166667 0.112305
1 0.849609 0.355957 0.123698 0.083008
1 0.942057 0.222168 0.115885 0.120117
1 0.934896 0.328125 0.130208 0.140625
0 0.166667 0.946289 0.169271 0.085938
0 0.270182 0.927734 0.144531 0.070312
0 0.395182 0.957031 0.121094 0.076172
