1 0.479818 0.588379 0.259115 0.215820
1 0.539714 0.465332 0.269531 0.206055
1 0.418620 0.404785 0.209635 0.182617
1 0.591146 0.320312 0.250000 0.195312
1 0.798177 0.636719 0.252604 0.228516
1 0.412760 0.281250 0.184896 0.173828
1 0.630208 0.171387 0.263021 0.165039
1 0.431641 0.178223 0.178385 0.163086
1 0.613281 0.060059 0.296875 0.118164
1 0.761068 0.454102 0.191406 0.160156
1 0.638672 0.626465 0.128906 0.178711
1 0.130859 0.331543 0.259115 0.231445
1 0.094401 0.582031 0.186198 0.160156
1 0.132812 0.937988 0.187500 0.124023
1 0.117839 0.817871 0.173177 0.137695
1 0.335938 0.754395 0.268229 0.184570
1 0.249349 0.652832 0.264323 0.254883
