1 0.66276 0.189453 0.190104 0.179688
1 0.574219 0.345703 0.153646 0.095703
1 0.591797 0.495117 0.225260 0.187500
1 0.553385 0.628906 0.166667 0.142578
1 0.5234380000000001 0.706055 0.153646 0.105469
1 0.682292 0.068359 0.203125 0.134766
1 0.47135400000000005 0.091797 0.135417 0.093750
1 0.33984400000000003 0.167480 0.216146 0.147461
1 0.288411 0.297852 0.251302 0.185547
1 0.384115 0.382324 0.177083 0.135742
1 0.30859400000000003 0.471191 0.242188 0.172852
1 0.31901 0.583496 0.213542 0.135742
1 0.36002599999999996 0.697754 0.180990 0.137695
1 0.39518200000000003 0.621094 0.147135 0.097656
