1 0.590495 0.500000 0.149740 0.126953
1 0.693359 0.423340 0.180990 0.143555
1 0.329427 0.407227 0.263021 0.181641
1 0.597656 0.291016 0.171875 0.154297
1 0.434896 0.294922 0.190104 0.146484
1 0.277344 0.269043 0.187500 0.137695
1 0.358724 0.132324 0.162760 0.135742
1 0.532552 0.154785 0.197917 0.143555
1 0.516276 0.635254 0.209635 0.176758
1 0.349609 0.607910 0.157552 0.086914
1 0.468750 0.754883 0.122396 0.093750
1 0.302734 0.797852 0.139323 0.083984
1 0.326823 0.725098 0.104167 0.069336
1 0.811849 0.316895 0.079427 0.077148
1 0.809245 0.184082 0.136719 0.098633
1 0.666016 0.092773 0.191406 0.171875
1 0.467448 0.061523 0.197917 0.121094
