1 0.337240 0.189453 0.190104 0.179688
1 0.425781 0.345703 0.153646 0.095703
1 0.408203 0.495117 0.225260 0.187500
1 0.446615 0.628906 0.166667 0.142578
1 0.476562 0.706055 0.153646 0.105469
1 0.317708 0.068359 0.203125 0.134766
1 0.528646 0.091797 0.135417 0.093750
1 0.660156 0.167480 0.216146 0.147461
1 0.711589 0.297852 0.251302 0.185547
1 0.615885 0.382324 0.177083 0.135742
1 0.691406 0.471191 0.242188 0.172852
1 0.680990 0.583496 0.213542 0.135742
1 0.639974 0.697754 0.180990 0.137695
1 0.604818 0.621094 0.147135 0.097656
