1 0.436111 0.371875 0.191667 0.141667
1 0.25694399999999995 0.422917 0.288889 0.175000
1 0.264583 0.560937 0.312500 0.211458
1 0.31597200000000003 0.726042 0.356944 0.250000
1 0.7 0.566146 0.361111 0.259375
1 0.7 0.416667 0.247222 0.156250
1 0.6631940000000001 0.308333 0.190278 0.135417
1 0.829861 0.163021 0.281944 0.257292
1 0.531944 0.183854 0.261111 0.205208
1 0.37152799999999997 0.058333 0.198611 0.114583
1 0.490278 0.049479 0.116667 0.080208
1 0.608333 0.784896 0.144444 0.101042
1 0.775694 0.810937 0.140278 0.132292
1 0.632639 0.847396 0.140278 0.092708
1 0.515278 0.820312 0.113889 0.101042
1 0.490278 0.685937 0.147222 0.115625
1 0.45555599999999996 0.576042 0.147222 0.116667
1 0.8 0.423958 0.205556 0.212500
