1 0.563889 0.371875 0.191667 0.141667
1 0.743056 0.422917 0.288889 0.175000
1 0.735417 0.560937 0.312500 0.211458
1 0.684028 0.726042 0.356944 0.250000
1 0.300000 0.566146 0.361111 0.259375
1 0.300000 0.416667 0.247222 0.156250
1 0.336806 0.308333 0.190278 0.135417
1 0.170139 0.163021 0.281944 0.257292
1 0.468056 0.183854 0.261111 0.205208
1 0.628472 0.058333 0.198611 0.114583
1 0.509722 0.049479 0.116667 0.080208
1 0.391667 0.784896 0.144444 0.101042
1 0.224306 0.810937 0.140278 0.132292
1 0.367361 0.847396 0.140278 0.092708
1 0.484722 0.820312 0.113889 0.101042
1 0.509722 0.685937 0.147222 0.115625
1 0.544444 0.576042 0.147222 0.116667
1 0.200000 0.423958 0.205556 0.212500
