1 0.561198 0.665527 0.291667 0.209961
1 0.291667 0.671387 0.239583 0.170898
1 0.258464 0.844238 0.256510 0.209961
1 0.514974 0.885254 0.337240 0.209961
1 0.878906 0.764160 0.239583 0.163086
1 0.84375 0.616699 0.257812 0.182617
1 0.828776 0.361816 0.227865 0.170898
1 0.574219 0.491211 0.239583 0.160156
1 0.35351600000000005 0.376953 0.246094 0.158203
1 0.11197900000000005 0.540039 0.223958 0.181641
1 0.06835899999999995 0.912109 0.136719 0.175781
1 0.09049499999999999 0.721680 0.180990 0.173828
1 0.307292 0.523926 0.223958 0.170898
1 0.12239599999999995 0.385742 0.223958 0.148438
1 0.182292 0.267090 0.226562 0.155273
1 0.621094 0.388184 0.244792 0.149414
1 0.61849 0.273438 0.268229 0.156250
1 0.860026 0.168945 0.186198 0.138672
1 0.794922 0.078613 0.157552 0.114258
1 0.643229 0.123047 0.216146 0.138672
1 0.447917 0.119141 0.195312 0.125000
1 0.34830700000000003 0.196289 0.212240 0.154297
1 0.24153599999999997 0.139160 0.222656 0.159180
1 0.897135 0.921875 0.203125 0.156250
1 0.755208 0.219238 0.135417 0.102539
1 0.49934900000000004 0.055664 0.209635 0.109375
1 0.310547 0.046387 0.194010 0.090820
