1 0.40169299999999997 0.490723 0.126302 0.102539
1 0.447917 0.556641 0.117188 0.078125
1 0.446615 0.632812 0.111979 0.095703
1 0.503906 0.432129 0.111979 0.061523
1 0.576172 0.734863 0.121094 0.092773
1 0.5527340000000001 0.563965 0.121094 0.071289
1 0.552083 0.645996 0.080729 0.100586
1 0.722656 0.938965 0.117188 0.088867
1 0.684896 0.841797 0.096354 0.089844
1 0.579427 0.817383 0.119792 0.095703
1 0.465495 0.761230 0.100260 0.086914
1 0.503906 0.852539 0.075521 0.093750
1 0.602865 0.898926 0.138021 0.104492
1 0.348958 0.385742 0.083333 0.062500
1 0.44401 0.387207 0.088542 0.059570
1 0.37239599999999995 0.341309 0.072917 0.041992
