1 0.40625 0.872559 0.278646 0.254883
1 0.6972659999999999 0.726074 0.274740 0.211914
1 0.5579430000000001 0.496094 0.207031 0.146484
1 0.540365 0.937012 0.119792 0.106445
1 0.563802 0.779297 0.138021 0.052734
1 0.768229 0.782715 0.164062 0.122070
1 0.779948 0.390137 0.223958 0.163086
1 0.564453 0.263184 0.329427 0.190430
1 0.357422 0.283203 0.261719 0.169922
1 0.322917 0.450195 0.169271 0.109375
1 0.720052 0.058594 0.205729 0.115234
1 0.30599 0.589844 0.166667 0.132812
1 0.22721400000000003 0.421387 0.157552 0.090820
1 0.20182299999999997 0.369629 0.135417 0.090820
1 0.608073 0.081055 0.263021 0.146484
1 0.446615 0.156738 0.195312 0.081055
