     0/299     11.7G   0.07852    0.1454   0.04826    0.2722       194       640    0.1427    0.1295   0.08166   0.02366   0.05825    0.1388   0.04586
     1/299     11.6G   0.06136    0.1514   0.04527     0.258       156       640    0.1227    0.5103    0.1539   0.05778   0.05143    0.1527   0.04457
     2/299     11.6G   0.05441    0.1433     0.042    0.2397       138       640    0.2592    0.3986    0.2368   0.08755   0.05086    0.1218   0.04836
     3/299     11.6G   0.04969    0.1386   0.03904    0.2273       218       640    0.2257    0.6874    0.4197    0.2135   0.04109    0.1267   0.03564
     4/299     11.6G   0.04623    0.1317   0.03513    0.2131       164       640    0.2784    0.7475    0.5309    0.2884   0.03798    0.1147   0.03083
     5/299     11.6G   0.04416    0.1284   0.03194    0.2045       188       640    0.2493    0.7972    0.5764    0.3118   0.03684    0.1154   0.02795
     6/299     11.6G   0.04294    0.1233   0.02743    0.1937       147       640    0.2864    0.8695    0.6761    0.3999   0.03455    0.1089   0.02271
     7/299     11.6G   0.04173    0.1208   0.02428    0.1868       159       640    0.3341    0.8886    0.7442    0.4576   0.03358    0.1038   0.01861
     8/299     11.6G   0.04058    0.1192   0.02088    0.1807       205       640    0.3683    0.9063    0.8029    0.5121   0.03204   0.09795   0.01354
     9/299     11.6G   0.03946    0.1134   0.01875    0.1716       203       640    0.3053    0.9282    0.7927    0.5126   0.03209    0.1007    0.0175
    10/299     11.6G   0.03861    0.1122   0.01618     0.167       237       640    0.3655    0.9197     0.811    0.5325   0.03112   0.09496   0.01355
    11/299     11.6G   0.03773    0.1107   0.01472    0.1632       143       640    0.3958    0.9294    0.8503    0.5622    0.0306   0.09197   0.00943
    12/299     11.6G   0.03681     0.109   0.01317    0.1589       151       640    0.3786    0.9531    0.8847    0.5956   0.02919   0.08959  0.007943
    13/299     11.6G   0.03627    0.1054   0.01197    0.1536       206       640    0.3983    0.9372     0.865    0.5902   0.02867   0.08906  0.008391
    14/299     11.6G   0.03598    0.1039    0.0111     0.151       200       640    0.3733    0.9579    0.8947    0.6163   0.02864   0.08629  0.006959
    15/299     11.6G   0.03518    0.1023   0.00988    0.1474       166       640    0.4437    0.9626    0.9218    0.6449   0.02753   0.08154  0.004106
    16/299     11.6G   0.03447    0.1004   0.00927    0.1442       204       640    0.4254    0.9718    0.9242    0.6578    0.0269   0.08231  0.005342
    17/299     11.6G   0.03408   0.09824  0.008556    0.1409       176       640    0.3991    0.9748    0.9306    0.6571   0.02657   0.08098  0.004308
    18/299     11.6G   0.03378   0.09728  0.008095    0.1392       185       640    0.4002    0.9708    0.9226    0.6523   0.02626   0.08268  0.005902
    19/299     11.6G   0.03296   0.09451  0.007457    0.1349       152       640    0.4214    0.9794    0.9471    0.6841   0.02614   0.07872   0.00239
    20/299     11.6G   0.03241   0.09319  0.007101    0.1327       156       640    0.4621    0.9775    0.9495     0.694   0.02513   0.07536  0.004246
    21/299     11.6G   0.03229   0.09246  0.006876    0.1316       207       640    0.4959    0.9833    0.9637    0.7124   0.02492   0.07115  0.002138
    22/299     11.6G   0.03165   0.09106    0.0063     0.129       200       640    0.4559      0.98     0.947    0.6998    0.0249   0.07187  0.005092
    23/299     11.6G   0.03121   0.08996  0.006645    0.1278       191       640    0.5005    0.9846    0.9661    0.7196   0.02419    0.0693  0.002088
    24/299     11.6G   0.03114   0.08948  0.006316    0.1269       145       640    0.4589     0.988     0.972    0.7321   0.02378   0.06917  0.001346
    25/299     11.9G   0.03072   0.08812  0.005682    0.1245       134       640    0.5014    0.9898    0.9772    0.7397   0.02321   0.06587  0.001295
    26/299     11.9G   0.03018   0.08574    0.0054    0.1213       188       640    0.4912     0.992    0.9801    0.7476   0.02305   0.06663  0.001228
    27/299     11.9G   0.02965   0.08526  0.005232    0.1201       207       640    0.4461    0.9927    0.9812    0.7539    0.0224   0.06805  0.001015
    28/299     11.9G   0.02957   0.08475  0.004613    0.1189       161       640    0.5377    0.9918     0.984    0.7651   0.02198   0.06245  0.001356
    29/299     11.9G    0.0293   0.08333  0.004823    0.1175       196       640    0.5494    0.9936    0.9845    0.7626   0.02201   0.06163  0.000841
    30/299     11.9G   0.02888   0.08251  0.004632     0.116       142       640    0.5066     0.993    0.9856     0.771    0.0218   0.06225  0.001046
    31/299     11.9G   0.02847   0.08188  0.004211    0.1146       216       640    0.6013    0.9939    0.9891    0.7841    0.0211   0.05808  0.000692
    32/299     11.9G   0.02838   0.08084  0.004633    0.1138       208       640    0.4939     0.996    0.9862    0.7757   0.02098   0.06214  0.001099
    33/299     11.9G    0.0282   0.08018  0.004493    0.1129       170       640    0.5521    0.9943    0.9897    0.7873   0.02058    0.0582 0.0006219
    34/299     11.9G   0.02765    0.0798  0.004189    0.1116       178       640    0.5824    0.9937    0.9892    0.7882   0.02053     0.056 0.0007385
    35/299     11.9G   0.02742   0.07942  0.004819    0.1117       182       640    0.5427    0.9938    0.9863    0.7873   0.02043   0.05774  0.001344
    36/299     11.9G   0.02758   0.07853  0.004151    0.1103       174       640    0.5195    0.9959    0.9911     0.797   0.01995   0.05815 0.0005416
    37/299     11.9G   0.02692   0.07812  0.003755    0.1088       138       640    0.5941    0.9971    0.9924    0.8044   0.01955   0.05396  0.000574
    38/299     11.9G   0.02665    0.0768  0.004065    0.1075       184       640    0.6005    0.9961     0.991    0.8045   0.01956   0.05431 0.0006048
    39/299     11.9G   0.02662   0.07653  0.003727    0.1069       160       640    0.5697     0.997    0.9926      0.81   0.01909   0.05372 0.0004851
    40/299     11.9G   0.02643   0.07623  0.003874    0.1065       180       640    0.5677    0.9966    0.9933    0.8148   0.01896   0.05376 0.0003746
    41/299     11.9G   0.02636   0.07604   0.00378    0.1062       185       640    0.5703    0.9968    0.9929    0.8132   0.01871    0.0532  0.000449
    42/299     11.9G   0.02599   0.07423  0.003504    0.1037       208       640    0.5797    0.9965    0.9929    0.8197   0.01844   0.05186  0.000413
    43/299     11.9G   0.02575   0.07397  0.003291     0.103       178       640    0.5387    0.9968    0.9927    0.8216   0.01836   0.05324 0.0004454
    44/299     11.9G   0.02547   0.07335  0.003546    0.1024       164       640    0.5904    0.9974     0.994    0.8258   0.01786   0.05148 0.0004219
    45/299     11.9G   0.02519   0.07286  0.003287    0.1013       184       640    0.5873    0.9978     0.994    0.8271   0.01765   0.05076 0.0003372
    46/299     11.9G   0.02495   0.07193  0.003515    0.1004       160       640    0.6201    0.9974    0.9941     0.835   0.01746   0.04916 0.0002938
    47/299     11.9G     0.025    0.0726  0.003306    0.1009       140       640    0.6242    0.9974    0.9942     0.834   0.01745   0.04911 0.0003384
    48/299     11.9G   0.02498   0.07241  0.003171    0.1006       244       640    0.6165    0.9979    0.9941     0.839   0.01718   0.04902 0.0002848
    49/299     11.9G   0.02461   0.07224  0.003862    0.1007       175       640    0.6906    0.9961    0.9924    0.8273   0.01782   0.04897  0.001055
    50/299     11.9G   0.02504   0.07252  0.003476     0.101       152       640     0.629    0.9979    0.9944    0.8401   0.01704   0.04811 0.0002915
    51/299     11.9G   0.02426   0.07007  0.003273    0.0976       167       640    0.6098    0.9979    0.9943    0.8433   0.01664   0.04821 0.0003024
    52/299     11.9G   0.02402   0.07035  0.002957   0.09733       132       640    0.6236     0.998    0.9943     0.847   0.01654   0.04791  0.000267
    53/299     11.9G   0.02405   0.06938  0.003052   0.09648       166       640    0.6266    0.9977    0.9947    0.8494   0.01626   0.04681  0.000249
    54/299     11.9G   0.02377   0.06897  0.002865    0.0956       156       640    0.6164    0.9983    0.9944     0.849   0.01625   0.04668  0.000248
    55/299     11.9G   0.02388   0.06932  0.003207   0.09641       192       640    0.5891    0.9983    0.9944    0.8521   0.01601   0.04715 0.0002496
    56/299     11.9G   0.02371   0.06916  0.002897   0.09576       181       640       0.6    0.9981    0.9944    0.8578    0.0159   0.04641 0.0003025
    57/299     11.9G   0.02344   0.06858  0.002712   0.09474       199       640    0.6103    0.9982    0.9944    0.8559   0.01575   0.04649 0.0002259
    58/299     11.9G   0.02319   0.06771  0.002766   0.09367       170       640     0.616    0.9981    0.9944    0.8589   0.01554   0.04542 0.0002494
    59/299     11.9G   0.02318   0.06721  0.002691   0.09308       177       640     0.634    0.9982    0.9944    0.8632   0.01524   0.04376 0.0002394
    60/299     11.9G   0.02282   0.06716  0.002771   0.09275       112       640    0.6133    0.9983    0.9947    0.8632    0.0152   0.04461 0.0002436
    61/299     11.9G   0.02292   0.06647  0.002815    0.0922       154       640    0.6404    0.9983    0.9946    0.8658   0.01504   0.04438 0.0002112
    62/299     11.9G   0.02279   0.06674  0.002783   0.09231       158       640    0.6243    0.9983    0.9947    0.8672     0.015   0.04415  0.000237
    63/299     11.9G   0.02238   0.06582  0.002417   0.09062       131       640    0.6517    0.9984    0.9948      0.87   0.01469   0.04274 0.0002233
    64/299     11.9G   0.02273   0.06623  0.002649   0.09161       216       640    0.6504    0.9985    0.9947      0.87   0.01455   0.04284 0.0002121
    65/299     11.9G   0.02231   0.06578  0.002365   0.09045       129       640    0.6507    0.9985    0.9947    0.8747   0.01445   0.04219 0.0002179
    66/299     11.9G   0.02203    0.0643  0.002452   0.08878       145       640    0.6408    0.9985    0.9948     0.875   0.01434    0.0415 0.0002171
    67/299     11.9G   0.02217   0.06526  0.002536   0.08997       148       640    0.6384    0.9985    0.9948    0.8748   0.01424   0.04184 0.0002224
    68/299     11.9G   0.02186   0.06442  0.002262   0.08854       178       640    0.6483    0.9983    0.9948    0.8793   0.01403   0.04144 0.0002054
    69/299     11.9G   0.02174   0.06401  0.002261   0.08801       196       640    0.6607    0.9984    0.9948    0.8811   0.01385   0.04105 0.0002077
    70/299     11.9G   0.02159   0.06348  0.002358   0.08743       146       640    0.6518    0.9983    0.9949    0.8812    0.0137   0.04066 0.0002079
    71/299     11.9G   0.02165   0.06334  0.002456   0.08745       149       640    0.6362    0.9985    0.9946    0.8813   0.01372   0.04074 0.0002026
    72/299     11.9G   0.02161   0.06329  0.002311   0.08721       180       640    0.6603    0.9983    0.9947    0.8824   0.01358   0.04048 0.0001997
    73/299     11.9G   0.02146   0.06306  0.002269   0.08679       145       640    0.6687    0.9982    0.9948    0.8859   0.01339   0.03985 0.0001923
    74/299     11.9G   0.02106   0.06155  0.002178   0.08479       134       640    0.6803    0.9984    0.9948    0.8892   0.01325   0.03912 0.0002042
    75/299     11.9G   0.02112    0.0631  0.002274   0.08649       163       640    0.6826    0.9983    0.9949     0.889   0.01314   0.03877 0.0001992
    76/299     11.9G     0.021    0.0625  0.002105    0.0856       147       640    0.6681    0.9986    0.9949    0.8924   0.01304   0.03884 0.0001847
    77/299     11.9G   0.02095   0.06211  0.002127   0.08519       135       640    0.6753    0.9984    0.9949    0.8922   0.01288   0.03849 0.0001837
    78/299     11.9G   0.02087   0.06128  0.002104   0.08426       137       640    0.6778    0.9984    0.9948    0.8949   0.01273   0.03828  0.000185
    79/299     11.9G   0.02054   0.06072  0.002145    0.0834        80       640    0.6854    0.9984    0.9948     0.896   0.01258   0.03819 0.0001817
    80/299     11.9G   0.02062   0.06117   0.00221     0.084       202       640    0.6947    0.9983    0.9949     0.898   0.01247   0.03787 0.0001875
    81/299     11.9G   0.02048    0.0607  0.002161   0.08334       207       640    0.6864    0.9983     0.995    0.8976   0.01243   0.03767  0.000181
    82/299     11.9G   0.02044   0.06166  0.002394   0.08449       210       640    0.6801    0.9982    0.9949    0.8982   0.01241   0.03766 0.0001753
    83/299     11.9G    0.0207    0.0609   0.00208   0.08368       191       640    0.6809    0.9984    0.9949    0.9002   0.01231   0.03735 0.0001772
    84/299     11.9G   0.02035   0.06077  0.002007   0.08313       173       640     0.689    0.9984    0.9949    0.9007   0.01221   0.03673 0.0001762
    85/299     11.9G   0.02023   0.05996  0.002022   0.08222       216       640    0.6813    0.9984    0.9949    0.9036   0.01212   0.03652 0.0001776
    86/299     11.9G   0.02004   0.05977  0.001989   0.08179       185       640     0.681    0.9985    0.9949    0.9051   0.01198   0.03645 0.0001697
    87/299     11.9G   0.02006   0.05945  0.001986    0.0815       158       640    0.6828    0.9985    0.9949    0.9055   0.01189   0.03632 0.0001738
    88/299     11.9G   0.01994   0.05905  0.001938   0.08093       173       640    0.6906    0.9984    0.9949    0.9069   0.01177   0.03605 0.0001747
    89/299     11.9G   0.01973   0.05953  0.001936    0.0812       160       640    0.6973    0.9984    0.9949    0.9088   0.01166   0.03544 0.0001735
    90/299     11.9G   0.01976   0.05841  0.001772   0.07994       142       640    0.7011    0.9986    0.9949    0.9097   0.01156   0.03541 0.0001723
    91/299     11.9G   0.01951   0.05832  0.001855   0.07968       138       640    0.6905    0.9984    0.9949    0.9097   0.01154   0.03541 0.0001725
    92/299     11.9G   0.01964   0.05864  0.001797   0.08007       159       640    0.7025    0.9985    0.9949    0.9118   0.01142   0.03483 0.0001739
    93/299     11.9G   0.01967    0.0582  0.002062   0.07994       148       640    0.7054    0.9986    0.9949    0.9128   0.01134   0.03467  0.000171
    94/299     11.9G   0.01933   0.05856  0.001892   0.07978       206       640    0.7093    0.9986    0.9949    0.9133   0.01127    0.0346 0.0001654
    95/299     11.9G    0.0192    0.0571   0.00179   0.07808       187       640    0.6971    0.9984    0.9949    0.9143   0.01123   0.03478 0.0001648
    96/299     11.9G   0.01944   0.05836  0.002041   0.07984       218       640    0.6981    0.9985    0.9949    0.9141   0.01117   0.03464 0.0001616
    97/299     11.9G   0.01918   0.05763  0.001794   0.07861       129       640    0.7016    0.9986    0.9949    0.9157   0.01113   0.03429 0.0001582
    98/299     11.9G   0.01918   0.05691  0.001753   0.07784       182       640     0.706    0.9985     0.995    0.9172   0.01106   0.03397  0.000161
    99/299     11.9G   0.01892   0.05731  0.001788   0.07802       181       640    0.7103    0.9986     0.995    0.9183   0.01102   0.03369 0.0001583
   100/299     11.9G    0.0189   0.05641   0.00175   0.07706       186       640    0.7096    0.9986     0.995    0.9176   0.01092   0.03345 0.0001568
   101/299     11.9G   0.01866   0.05598  0.001653    0.0763       123       640     0.712    0.9985     0.995    0.9184   0.01084   0.03326 0.0001554
   102/299     11.9G   0.01877   0.05617  0.001675   0.07662       127       640    0.7126    0.9985    0.9949    0.9205   0.01073   0.03312 0.0001545
   103/299     11.9G   0.01864   0.05637  0.001597    0.0766       188       640    0.7114    0.9986    0.9949    0.9213   0.01065   0.03305 0.0001535
   104/299     11.9G   0.01853   0.05564  0.001632    0.0758       162       640    0.7125    0.9986    0.9949    0.9231   0.01057   0.03287 0.0001588
   105/299     11.9G   0.01865   0.05569  0.001604   0.07595       199       640    0.7142    0.9985     0.995    0.9242   0.01046   0.03251 0.0001603
   106/299     11.9G   0.01861   0.05551  0.001565   0.07569       204       640    0.7095    0.9985     0.995    0.9251    0.0104   0.03248 0.0001564
   107/299     11.9G   0.01837   0.05529  0.001561   0.07522       202       640    0.7039    0.9985     0.995    0.9246   0.01036   0.03268 0.0001554
   108/299     11.9G   0.01827   0.05425  0.001596   0.07411       155       640    0.7155    0.9985     0.995    0.9258   0.01026   0.03234 0.0001563
   109/299     11.9G   0.01819   0.05498   0.00155   0.07472       197       640    0.7127    0.9984     0.995    0.9271   0.01019    0.0323  0.000154
   110/299     11.9G   0.01813   0.05503   0.00138   0.07454       143       640    0.7165    0.9985     0.995    0.9288    0.0101   0.03203 0.0001545
   111/299     11.9G   0.01814   0.05454  0.001569   0.07425       131       640    0.7184    0.9986     0.995    0.9284   0.01005   0.03187 0.0001555
   112/299     11.9G   0.01817   0.05499  0.001841     0.075       179       640    0.7168    0.9986     0.995    0.9309   0.01001   0.03183 0.0001536
   113/299     11.9G   0.01821   0.05503  0.002065    0.0753       231       640    0.7147    0.9986     0.995    0.9301  0.009988   0.03173 0.0001502
   114/299     11.9G   0.01794   0.05387  0.001377   0.07318       165       640    0.7191    0.9986     0.995    0.9308  0.009954   0.03155 0.0001482
   115/299     11.9G   0.01774   0.05454  0.001524   0.07381       153       640    0.7246    0.9984     0.995    0.9315  0.009906   0.03135 0.0001499
   116/299     11.9G   0.01782   0.05387  0.001508    0.0732       145       640    0.7286    0.9985     0.995    0.9324  0.009851   0.03124 0.0001495
   117/299     11.9G   0.01763   0.05298  0.001381   0.07199       161       640    0.7296    0.9983     0.995    0.9337  0.009803   0.03094 0.0001489
   118/299     11.9G   0.01757   0.05287  0.001306   0.07175       168       640    0.7286    0.9984     0.995     0.934  0.009759   0.03086 0.0001476
   119/299     11.9G   0.01748   0.05261  0.001514    0.0716       130       640    0.7278    0.9984    0.9949    0.9354  0.009708    0.0308 0.0001467
   120/299     11.9G   0.01781    0.0539  0.001897   0.07361       114       640    0.7277    0.9984    0.9949    0.9361  0.009676   0.03059 0.0001453
   121/299     11.9G   0.01751   0.05345  0.001664   0.07263       152       640    0.7292    0.9984    0.9949     0.937  0.009636   0.03053 0.0001435
   122/299     11.9G   0.01738    0.0526  0.001472   0.07146       168       640    0.7337    0.9984     0.995    0.9379  0.009589   0.03036 0.0001429
   123/299     11.9G   0.01733    0.0524   0.00139   0.07112       152       640    0.7331    0.9984     0.995    0.9376  0.009551   0.03033  0.000143
   124/299     11.9G   0.01721    0.0519  0.001509   0.07063       132       640    0.7332    0.9984    0.9949    0.9383  0.009503   0.03023 0.0001432
   125/299     11.9G   0.01716   0.05195  0.001336   0.07045       163       640    0.7346    0.9984     0.995     0.939   0.00944   0.03008 0.0001416
   126/299     11.9G   0.01724   0.05209   0.00128   0.07062       154       640    0.7356    0.9986     0.995    0.9394  0.009374   0.02994 0.0001409
   127/299     11.9G   0.01699   0.05168  0.001345   0.07002       184       640    0.7348    0.9986     0.995    0.9397  0.009325   0.02979 0.0001406
   128/299     11.9G   0.01695   0.05139  0.001227   0.06956       163       640    0.7351    0.9986    0.9949    0.9409  0.009285   0.02965 0.0001397
   129/299     11.9G   0.01677   0.05075  0.001348   0.06887       170       640    0.7359    0.9986     0.995    0.9415  0.009228    0.0295 0.0001388
   130/299     11.9G   0.01684   0.05128  0.001269   0.06939       183       640    0.7365    0.9986     0.995    0.9423  0.009181    0.0294 0.0001381
   131/299     11.9G   0.01683   0.05102  0.001227   0.06908       171       640    0.7382    0.9986     0.995    0.9432  0.009134   0.02929  0.000137
   132/299     11.9G   0.01683   0.05087  0.001302     0.069       162       640    0.7372    0.9986     0.995    0.9434  0.009088   0.02924 0.0001371
   133/299     11.9G    0.0168   0.05024  0.001277   0.06831       207       640    0.7372    0.9986     0.995    0.9438  0.009035   0.02913 0.0001366
   134/299     11.9G   0.01653   0.05083  0.001286   0.06864       179       640    0.7375    0.9986     0.995    0.9445  0.008986   0.02904 0.0001368
   135/299     11.9G   0.01651    0.0498  0.001216   0.06752       144       640    0.7373    0.9986     0.995    0.9455  0.008937   0.02889 0.0001358
   136/299     11.9G   0.01632   0.05015  0.001231    0.0677       156       640    0.7366    0.9986     0.995    0.9456  0.008904   0.02884 0.0001354
   137/299     11.9G   0.01655   0.05058  0.001261   0.06839       216       640    0.7372    0.9986     0.995    0.9461   0.00887   0.02872 0.0001349
   138/299     11.9G   0.01628   0.04971  0.001227   0.06722       198       640    0.7391    0.9986     0.995    0.9468  0.008838   0.02857 0.0001343
   139/299     11.9G   0.01608   0.04903   0.00119   0.06629       192       640    0.7372    0.9986     0.995    0.9472  0.008799   0.02847 0.0001331
   140/299     11.9G   0.01626   0.05004   0.00109    0.0674       174       640    0.7385    0.9985     0.995    0.9473  0.008769   0.02838 0.0001326
   141/299     11.9G   0.01614   0.04929  0.001133   0.06657       147       640    0.7399    0.9986     0.995     0.948  0.008737   0.02826 0.0001326
   142/299     11.9G   0.01609   0.04902  0.001083   0.06619       171       640    0.7399    0.9986     0.995    0.9482  0.008698   0.02817 0.0001324
   143/299     11.9G   0.01599   0.04868  0.001099   0.06577       164       640    0.7429    0.9986     0.995    0.9493   0.00866   0.02804  0.000132
   144/299     11.9G   0.01572   0.04757  0.001102    0.0644       128       640    0.7424    0.9986     0.995    0.9497  0.008629   0.02794 0.0001316
   145/299     11.9G    0.0159   0.04815  0.001225   0.06527       131       640    0.7439    0.9986     0.995    0.9503  0.008589   0.02782 0.0001311
   146/299     11.9G   0.01569   0.04811  0.001138   0.06494       185       640    0.7453    0.9986     0.995    0.9507  0.008554   0.02772 0.0001306
   147/299     11.9G   0.01575   0.04841  0.001083   0.06525       210       640    0.7454    0.9984     0.995    0.9512  0.008525   0.02766 0.0001303
   148/299     11.9G   0.01567   0.04794   0.00125   0.06485       164       640    0.7452    0.9985     0.995    0.9513    0.0085    0.0276 0.0001299
   149/299     11.9G   0.01595   0.04974  0.001869   0.06756       175       640    0.7448    0.9984     0.995    0.9519  0.008473   0.02755 0.0001291
   150/299     11.9G   0.01571   0.04856  0.001087   0.06535       235       640    0.7451    0.9984     0.995    0.9521  0.008451    0.0275  0.000128
   151/299     11.9G   0.01548   0.04756  0.001112   0.06416       153       640    0.7465    0.9984     0.995    0.9525  0.008429   0.02744 0.0001276
   152/299     11.9G   0.01551   0.04733  0.001097   0.06394       158       640    0.7476    0.9984     0.995    0.9522  0.008404   0.02738 0.0001275
   153/299     11.9G    0.0154   0.04697  0.001078   0.06345       120       640    0.7481    0.9986     0.995    0.9525  0.008377   0.02729  0.000127
   154/299     11.9G   0.01528   0.04668   0.00111   0.06307       183       640    0.7493    0.9986     0.995    0.9529  0.008357   0.02724 0.0001267
   155/299     11.9G   0.01523   0.04615  0.001008    0.0624        94       640    0.7497    0.9986     0.995     0.953  0.008336   0.02718 0.0001263
   156/299     11.9G   0.01528   0.04636  0.001097   0.06273       163       640    0.7504    0.9986     0.995    0.9539   0.00831   0.02709 0.0001259
   157/299     11.9G   0.01523    0.0463   0.00106   0.06259       149       640    0.7512    0.9986     0.995    0.9539  0.008285   0.02701 0.0001257
   158/299     11.9G   0.01521   0.04669 0.0009715   0.06288       206       640    0.7511    0.9986     0.995    0.9546  0.008261   0.02696 0.0001256
   159/299     11.9G   0.01501    0.0464 0.0009377   0.06234       220       640    0.7527    0.9986     0.995     0.955  0.008238   0.02688 0.0001252
   160/299     11.9G   0.01494   0.04591 0.0009778   0.06183       161       640    0.7538    0.9986     0.995     0.955  0.008217   0.02681 0.0001249
   161/299     11.9G   0.01476   0.04502 0.0009394   0.06072       220       640    0.7551    0.9986     0.995    0.9552  0.008197   0.02674 0.0001246
   162/299     11.9G   0.01487   0.04506 0.0009512   0.06089       102       640    0.7565    0.9986     0.995    0.9553   0.00817   0.02665  0.000124
   163/299     11.9G   0.01486   0.04571 0.0009012   0.06147       167       640    0.7579    0.9986     0.995    0.9555  0.008146   0.02657 0.0001239
   164/299     11.9G   0.01458    0.0449 0.0008622   0.06034       177       640     0.759    0.9986     0.995    0.9559  0.008127   0.02649 0.0001236
   165/299     11.9G   0.01469    0.0454 0.0009221   0.06101       179       640    0.7597    0.9986     0.995     0.956  0.008105   0.02643 0.0001232
   166/299     11.9G   0.01463   0.04498 0.0009264   0.06054       165       640    0.7606    0.9986     0.995    0.9558  0.008087   0.02637 0.0001229
   167/299     11.9G   0.01452   0.04471 0.0009019   0.06013       156       640    0.7618    0.9986     0.995    0.9561  0.008069   0.02631 0.0001225
   168/299     11.9G    0.0145   0.04488 0.0009784   0.06036       216       640    0.7627    0.9986     0.995    0.9562  0.008051   0.02624 0.0001222
   169/299     11.9G   0.01462   0.04489 0.0009617   0.06046       190       640    0.7628    0.9986     0.995    0.9564  0.008037    0.0262 0.0001219
   170/299     11.9G   0.01454   0.04404 0.0009224    0.0595       163       640    0.7634    0.9986     0.995    0.9566  0.008017   0.02611 0.0001214
   171/299     11.9G   0.01432   0.04399 0.0008742   0.05918       109       640    0.7633    0.9986     0.995    0.9566     0.008   0.02605 0.0001209
   172/299     11.9G   0.01425   0.04387 0.0008359   0.05896       157       640    0.7639    0.9986     0.995    0.9569  0.007979   0.02598 0.0001204
   173/299     11.9G   0.01418   0.04417 0.0008848   0.05923       193       640    0.7642    0.9986     0.995    0.9572  0.007964   0.02593 0.0001201
   174/299     11.9G   0.01415   0.04319 0.0009753   0.05831       204       640    0.7649    0.9986     0.995    0.9575  0.007946   0.02587 0.0001197
   175/299     11.9G   0.01421   0.04345 0.0008846   0.05855       196       640    0.7657    0.9986     0.995    0.9576  0.007926    0.0258 0.0001193
   176/299     11.9G    0.0141   0.04358 0.0008623   0.05854       179       640    0.7663    0.9986     0.995     0.958   0.00791   0.02574 0.0001189
   177/299     11.9G   0.01406   0.04279 0.0008315   0.05768       182       640    0.7677    0.9986     0.995    0.9581  0.007893   0.02567 0.0001184
   178/299     11.9G   0.01397   0.04295 0.0008395   0.05776       186       640    0.7688    0.9986     0.995    0.9589  0.007873    0.0256 0.0001181
   179/299     11.9G   0.01382   0.04262 0.0008562   0.05729       168       640    0.7691    0.9986     0.995    0.9591  0.007854   0.02554 0.0001177
   180/299     11.9G   0.01384   0.04215 0.0008933   0.05688       153       640    0.7692    0.9986     0.995    0.9591  0.007838    0.0255 0.0001174
   181/299     11.9G   0.01391   0.04258  0.000781   0.05727       123       640    0.7694    0.9986     0.995    0.9589   0.00782   0.02545 0.0001169
   182/299     11.9G   0.01378   0.04238  0.000782   0.05694       199       640    0.7705    0.9986     0.995    0.9597  0.007804   0.02539 0.0001165
   183/299     11.9G   0.01354   0.04192 0.0007631   0.05622       157       640    0.7712    0.9986     0.995    0.9598   0.00779   0.02534 0.0001162
   184/299     11.9G   0.01352   0.04203 0.0008209   0.05637       144       640    0.7724    0.9986     0.995    0.9599  0.007773   0.02529 0.0001159
   185/299     11.9G   0.01363   0.04173 0.0007787   0.05614       162       640    0.7729    0.9986     0.995    0.9602  0.007759   0.02524 0.0001155
   186/299     11.9G   0.01366   0.04216 0.0008053   0.05662       139       640    0.7739    0.9986     0.995    0.9604  0.007745   0.02519 0.0001151
   187/299     11.9G   0.01335   0.04104 0.0007919   0.05518       156       640    0.7747    0.9986     0.995    0.9607  0.007729   0.02513 0.0001148
   188/299     11.9G   0.01339   0.04147 0.0007599   0.05562       149       640    0.7753    0.9986     0.995    0.9611  0.007714   0.02508 0.0001145
   189/299     11.9G   0.01335   0.04116 0.0007549   0.05526       175       640    0.7757    0.9986     0.995    0.9612    0.0077   0.02504 0.0001142
   190/299     11.9G   0.01323   0.04148 0.0007455   0.05545       119       640    0.7764    0.9986     0.995    0.9614  0.007686   0.02498 0.0001139
   191/299     11.9G   0.01325   0.04085 0.0007231   0.05483       202       640    0.7773    0.9986     0.995    0.9617  0.007671   0.02493 0.0001135
   192/299     11.9G   0.01318   0.04064 0.0007072   0.05453       118       640    0.7774    0.9986     0.995    0.9621  0.007656   0.02488 0.0001131
   193/299     11.9G   0.01308   0.04068  0.000763   0.05452       143       640     0.778    0.9986     0.995    0.9623   0.00764   0.02484 0.0001128
   194/299     11.9G   0.01311   0.04046 0.0007016   0.05426       167       640    0.7787    0.9986     0.995    0.9623  0.007622   0.02478 0.0001124
   195/299     11.9G   0.01302   0.04033 0.0007377    0.0541       146       640    0.7796    0.9986     0.995    0.9624  0.007609   0.02473 0.0001121
   196/299     11.9G   0.01292   0.04052 0.0006799   0.05413       205       640    0.7804    0.9986     0.995    0.9627  0.007592   0.02468 0.0001117
   197/299     11.9G   0.01293   0.03983 0.0006721   0.05343       196       640    0.7809    0.9986     0.995    0.9629  0.007579   0.02463 0.0001114
   198/299     11.9G   0.01293   0.03973 0.0006196   0.05328       182       640    0.7808    0.9986     0.995    0.9629  0.007563   0.02458 0.0001109
   199/299     11.9G   0.01272   0.03979 0.0006685   0.05317       190       640    0.7813    0.9986     0.995    0.9633   0.00755   0.02453 0.0001106
   200/299     11.9G   0.01282   0.03925  0.000632    0.0527       138       640    0.7818    0.9986     0.995    0.9634  0.007536   0.02448 0.0001102
   201/299     11.9G   0.01273   0.03902 0.0006617   0.05241       190       640    0.7825    0.9986     0.995    0.9634  0.007521   0.02442 0.0001098
   202/299     11.9G   0.01262   0.03896 0.0006764   0.05226       227       640    0.7831    0.9986     0.995    0.9637  0.007508   0.02437 0.0001095
   203/299     11.9G   0.01264   0.03927 0.0006473   0.05255       182       640    0.7841    0.9986     0.995    0.9641  0.007495   0.02432 0.0001091
   204/299     11.9G   0.01255   0.03912 0.0005961   0.05226       147       640    0.7844    0.9986     0.995    0.9642  0.007479   0.02426 0.0001087
   205/299     11.9G   0.01256    0.0391  0.000601   0.05226       170       640    0.7846    0.9986     0.995    0.9645  0.007466   0.02422 0.0001084
   206/299     11.9G   0.01244   0.03833 0.0006487   0.05142       189       640    0.7859    0.9986     0.995    0.9644  0.007452   0.02416 0.0001079
   207/299     11.9G   0.01247   0.03839 0.0006688   0.05153       148       640    0.7871    0.9986     0.995    0.9647  0.007441   0.02412 0.0001075
   208/299     11.9G   0.01237   0.03847 0.0006102   0.05146       159       640    0.7876    0.9986     0.995    0.9649  0.007424   0.02406  0.000107
   209/299     11.9G   0.01232   0.03831 0.0006168   0.05124       137       640     0.789    0.9986     0.995    0.9651  0.007412   0.02401 0.0001066
   210/299     11.9G   0.01218   0.03764 0.0006064   0.05043       191       640    0.7898    0.9986     0.995    0.9652  0.007399   0.02396 0.0001062
   211/299     11.9G   0.01218   0.03767 0.0006317   0.05047       156       640    0.7901    0.9986     0.995    0.9657  0.007387   0.02392 0.0001058
   212/299     11.9G   0.01214   0.03766 0.0006049   0.05041       170       640    0.7911    0.9986     0.995    0.9658  0.007371   0.02386 0.0001054
   213/299     11.9G   0.01222   0.03718  0.000542   0.04994       164       640    0.7916    0.9986     0.995     0.966   0.00736    0.0238  0.000105
   214/299     11.9G   0.01211   0.03748 0.0005775   0.05017       201       640    0.7922    0.9986     0.995    0.9661  0.007346   0.02375 0.0001046
   215/299     11.9G   0.01196   0.03798 0.0005624    0.0505       213       640    0.7929    0.9986     0.995    0.9661   0.00733    0.0237 0.0001042
   216/299     11.9G   0.01199   0.03667 0.0006013   0.04926       175       640    0.7931    0.9986     0.995    0.9663   0.00732   0.02366 0.0001038
   217/299     11.9G   0.01198   0.03711 0.0006144   0.04971       194       640    0.7942    0.9986     0.995    0.9663  0.007307    0.0236 0.0001034
   218/299     11.9G   0.01193   0.03671 0.0005509   0.04919       210       640    0.7952    0.9986     0.995    0.9666  0.007293   0.02355  0.000103
   219/299     11.9G   0.01173    0.0364 0.0005352   0.04867       208       640    0.7968    0.9986     0.995    0.9669  0.007281   0.02351 0.0001026
   220/299     11.9G   0.01174   0.03623  0.000495   0.04847       144       640    0.7971    0.9986     0.995    0.9669  0.007268   0.02345 0.0001022
   221/299     11.9G   0.01162   0.03629 0.0005211   0.04843       200       640    0.7978    0.9986     0.995     0.967  0.007256   0.02339 0.0001018
   222/299     11.9G   0.01176   0.03592 0.0005618   0.04824       177       640    0.7994    0.9986     0.995    0.9669  0.007245   0.02334 0.0001014
   223/299     11.9G   0.01159   0.03623 0.0005633   0.04839       188       640    0.7999    0.9986     0.995     0.967   0.00723   0.02329  0.000101
   224/299     11.9G    0.0117   0.03624 0.0005243   0.04846       200       640    0.8005    0.9986     0.995     0.967  0.007218   0.02324 0.0001006
   225/299     11.9G   0.01163   0.03604 0.0005243   0.04819       149       640    0.8011    0.9986     0.995    0.9672  0.007206   0.02318 0.0001002
   226/299     11.9G   0.01148   0.03576  0.000521   0.04776       190       640    0.8018    0.9986     0.995    0.9672  0.007195   0.02315 9.985e-05
   227/299     11.9G   0.01139   0.03543 0.0005187   0.04734       150       640    0.8025    0.9986     0.995    0.9673  0.007181   0.02309 9.934e-05
   228/299     11.9G   0.01137   0.03481 0.0004298   0.04662       159       640    0.8035    0.9986     0.995    0.9678   0.00717   0.02304 9.895e-05
   229/299     11.9G   0.01135   0.03515 0.0004107   0.04691       149       640    0.8047    0.9986     0.995     0.968  0.007156   0.02298 9.853e-05
   230/299     11.9G   0.01142   0.03526  0.000483   0.04717       179       640    0.8053    0.9986     0.995    0.9681  0.007145   0.02293 9.811e-05
   231/299     11.9G   0.01132   0.03487  0.000418   0.04661       169       640    0.8059    0.9986     0.995    0.9684  0.007132   0.02288  9.77e-05
   232/299     11.9G   0.01117   0.03462 0.0004432   0.04623       193       640     0.807    0.9986     0.995    0.9684   0.00712   0.02282 9.729e-05
   233/299     11.9G   0.01122   0.03484 0.0004656   0.04653       194       640    0.8077    0.9986     0.995    0.9685  0.007107   0.02277 9.692e-05
   234/299     11.9G   0.01114   0.03493 0.0004617   0.04653       168       640    0.8086    0.9986     0.995    0.9685  0.007094   0.02271 9.645e-05
   235/299     11.9G   0.01109   0.03419  0.000466   0.04574       155       640    0.8096    0.9986     0.995    0.9685  0.007082   0.02267 9.606e-05
   236/299     11.9G   0.01109   0.03424 0.0004627   0.04579       213       640    0.8108    0.9986     0.995    0.9687  0.007068   0.02261 9.563e-05
   237/299     11.9G   0.01109    0.0345 0.0004244   0.04601       113       640    0.8113    0.9986     0.995    0.9687  0.007056   0.02257 9.517e-05
   238/299     11.9G     0.011   0.03431 0.0003737   0.04568       169       640    0.8118    0.9986     0.995     0.969  0.007045   0.02252 9.471e-05
   239/299     11.9G   0.01096   0.03361 0.0004509   0.04503       165       640    0.8125    0.9986     0.995    0.9691  0.007033   0.02247 9.424e-05
   240/299     11.9G   0.01084   0.03386 0.0004432   0.04515       194       640    0.8133    0.9986     0.995    0.9694   0.00702   0.02241 9.378e-05
   241/299     11.9G   0.01083    0.0336 0.0004252   0.04485       183       640    0.8136    0.9986     0.995    0.9696  0.007007   0.02235 9.336e-05
   242/299     11.9G   0.01075   0.03395 0.0003798   0.04508       197       640    0.8146    0.9986     0.995    0.9694  0.006997   0.02231 9.278e-05
   243/299     11.9G   0.01084   0.03375 0.0004044   0.04499       248       640     0.816    0.9986     0.995    0.9696  0.006984   0.02225  9.24e-05
   244/299     11.9G   0.01076   0.03304  0.000386   0.04419       147       640    0.8164    0.9986     0.995    0.9699  0.006971   0.02221 9.189e-05
   245/299     11.9G   0.01077   0.03309 0.0004082   0.04426       117       640    0.8181    0.9986     0.995    0.9699  0.006959   0.02216 9.141e-05
   246/299     11.9G   0.01076   0.03369 0.0003973   0.04484       193       640    0.8184    0.9986     0.995      0.97  0.006948    0.0221 9.094e-05
   247/299     11.9G   0.01067   0.03286 0.0004249   0.04395       173       640     0.819    0.9986     0.995    0.9701  0.006935   0.02206  9.05e-05
   248/299     11.9G   0.01061   0.03298 0.0003682   0.04396       182       640    0.8199    0.9986     0.995    0.9699  0.006923     0.022 9.001e-05
   249/299     11.9G    0.0106   0.03231 0.0004197   0.04333       151       640    0.8203    0.9986     0.995    0.9704   0.00691   0.02195 8.949e-05
   250/299     11.9G   0.01057   0.03274 0.0003888   0.04369       239       640    0.8211    0.9986     0.995    0.9707  0.006896    0.0219 8.904e-05
   251/299     11.9G   0.01043   0.03223 0.0003695   0.04303       156       640    0.8218    0.9986     0.995     0.971  0.006882   0.02184 8.852e-05
   252/299     11.9G   0.01043   0.03229 0.0003798    0.0431       128       640    0.8231    0.9986     0.995     0.971  0.006872   0.02179 8.803e-05
   253/299     11.9G   0.01036   0.03267 0.0003808   0.04342       180       640    0.8245    0.9986     0.995    0.9711  0.006859   0.02175 8.758e-05
   254/299     11.9G   0.01045   0.03256 0.0003872    0.0434       182       640    0.8259    0.9986     0.995    0.9715  0.006848   0.02171  8.71e-05
   255/299     11.9G   0.01043   0.03254 0.0003692   0.04334       151       640    0.8271    0.9986     0.995    0.9713  0.006835   0.02165 8.655e-05
   256/299     11.9G   0.01035   0.03188 0.0003823   0.04262       177       640    0.8286    0.9986     0.995    0.9716  0.006823    0.0216 8.601e-05
   257/299     11.9G    0.0103   0.03192 0.0003929   0.04261       186       640    0.8296    0.9986     0.995    0.9716  0.006811   0.02154 8.552e-05
   258/299     11.9G   0.01026   0.03161 0.0003628   0.04224       131       640    0.8304    0.9986     0.995    0.9719  0.006799    0.0215 8.502e-05
   259/299     11.9G   0.01033     0.032 0.0004186   0.04275       172       640    0.8307    0.9986     0.995    0.9721  0.006787   0.02145 8.458e-05
   260/299     11.9G   0.01018   0.03171 0.0003467   0.04224       149       640    0.8315    0.9986     0.995    0.9723  0.006776    0.0214 8.406e-05
   261/299     11.9G   0.01015   0.03166 0.0003384   0.04215       120       640    0.8327    0.9986     0.995    0.9721  0.006763   0.02135 8.356e-05
   262/299     11.9G   0.01018   0.03138 0.0003181   0.04188       155       640    0.8333    0.9986     0.995    0.9723  0.006753    0.0213  8.31e-05
   263/299     11.9G   0.01017   0.03111 0.0003235   0.04161       220       640    0.8337    0.9986     0.995    0.9726  0.006742   0.02125 8.261e-05
   264/299     11.9G   0.01012   0.03148 0.0003559   0.04195       162       640    0.8347    0.9986     0.995    0.9726  0.006729   0.02119 8.207e-05
   265/299     11.9G   0.01002   0.03099 0.0003382   0.04134       170       640    0.8361    0.9986     0.995    0.9727  0.006718   0.02116 8.162e-05
   266/299     11.9G   0.01007   0.03119 0.0003743   0.04163       232       640    0.8369    0.9986     0.995    0.9728  0.006707    0.0211 8.109e-05
   267/299     11.9G   0.01004   0.03077 0.0003499   0.04116       196       640    0.8378    0.9986     0.995    0.9728  0.006694   0.02106 8.059e-05
   268/299     11.9G   0.01002   0.03085 0.0003195   0.04119       196       640    0.8387    0.9986     0.995     0.973  0.006683     0.021 8.005e-05
   269/299     11.9G   0.01001   0.03078  0.000309    0.0411       111       640    0.8396    0.9986     0.995    0.9734  0.006671   0.02095 7.954e-05
   270/299     11.9G  0.009904   0.03058 0.0003097    0.0408       187       640    0.8403    0.9986     0.995    0.9735   0.00666   0.02091 7.898e-05
   271/299     11.9G  0.009975   0.03095 0.0003328   0.04125       196       640    0.8407    0.9986     0.995    0.9736  0.006648   0.02086 7.849e-05
   272/299     11.9G   0.00987   0.03052 0.0003521   0.04074       150       640    0.8413    0.9986     0.995    0.9736  0.006636   0.02082   7.8e-05
   273/299     11.9G  0.009906   0.03043 0.0003174   0.04065       178       640    0.8424    0.9986     0.995    0.9739  0.006624   0.02076 7.749e-05
   274/299     11.9G  0.009846   0.03034 0.0003512   0.04054       127       640    0.8433    0.9986     0.995    0.9738  0.006612   0.02073 7.697e-05
   275/299     11.9G  0.009749   0.03032   0.00033    0.0404       174       640     0.844    0.9986     0.995    0.9741  0.006601   0.02068 7.649e-05
   276/299     11.9G  0.009823   0.03034 0.0003216   0.04049       213       640    0.8446    0.9986     0.995    0.9741   0.00659   0.02064 7.599e-05
   277/299     11.9G  0.009758   0.03001 0.0003482   0.04012       165       640    0.8454    0.9986     0.995    0.9742  0.006579   0.02059 7.551e-05
   278/299     11.9G  0.009833   0.02998 0.0002687   0.04008       121       640    0.8459    0.9986     0.995    0.9744  0.006567   0.02055 7.506e-05
   279/299     11.9G  0.009712   0.02965 0.0003128   0.03968       153       640     0.847    0.9986     0.995    0.9745  0.006557   0.02051 7.461e-05
   280/299     11.9G  0.009713   0.03028 0.0003103    0.0403       175       640     0.848    0.9986     0.995    0.9745  0.006547   0.02047 7.412e-05
   281/299     11.9G   0.00976      0.03 0.0003052   0.04006       189       640    0.8483    0.9986     0.995    0.9746  0.006536   0.02041 7.359e-05
   282/299     11.9G  0.009697   0.02992 0.0003161   0.03993       163       640    0.8489    0.9986     0.995    0.9749  0.006524   0.02037  7.31e-05
   283/299     11.9G  0.009826   0.02995 0.0003148   0.04009       210       640    0.8495    0.9986     0.995    0.9749  0.006513   0.02033 7.265e-05
   284/299     11.9G  0.009684   0.02975 0.0002935   0.03972       128       640    0.8506    0.9986     0.995    0.9752  0.006503   0.02028 7.222e-05
   285/299     11.9G   0.00963   0.02965  0.000308   0.03958       186       640    0.8516    0.9986     0.995    0.9755  0.006491   0.02023 7.172e-05
   286/299     11.9G  0.009572    0.0295 0.0003012   0.03937       174       640    0.8522    0.9986     0.995    0.9753   0.00648    0.0202 7.128e-05
   287/299     11.9G  0.009618   0.02944 0.0003138   0.03937       235       640    0.8527    0.9986     0.995    0.9755  0.006469   0.02016 7.084e-05
   288/299     11.9G  0.009675   0.02929 0.0002683   0.03923       162       640     0.853    0.9986     0.995    0.9756  0.006458   0.02012 7.038e-05
   289/299     11.9G  0.009552   0.02908 0.0003209   0.03895       114       640    0.8534    0.9986     0.995    0.9758  0.006448   0.02008 6.994e-05
   290/299     11.9G   0.00965   0.02949 0.0002742   0.03942       151       640    0.8543    0.9986     0.995    0.9756  0.006437   0.02003 6.949e-05
   291/299     11.9G   0.00952   0.02942  0.000314   0.03926       201       640    0.8551    0.9986     0.995     0.976  0.006426   0.01999 6.906e-05
   292/299     11.9G  0.009564   0.02914 0.0003288   0.03904       167       640    0.8554    0.9986     0.995     0.976  0.006414   0.01994 6.863e-05
   293/299     11.9G  0.009442   0.02928 0.0002968   0.03902       131       640    0.8562    0.9986     0.995    0.9762  0.006404    0.0199 6.817e-05
   294/299     11.9G  0.009555   0.02915 0.0002674   0.03897       169       640    0.8566    0.9986     0.995    0.9763  0.006394   0.01986 6.774e-05
   295/299     11.9G  0.009561   0.02939 0.0002923   0.03924       190       640    0.8578    0.9986     0.995    0.9763  0.006384   0.01982 6.732e-05
   296/299     11.9G  0.009371   0.02911 0.0002826   0.03877       145       640    0.8584    0.9986     0.995    0.9763  0.006374   0.01978 6.688e-05
   297/299     11.9G  0.009479    0.0293 0.0003204   0.03909       188       640     0.859    0.9986     0.995    0.9769  0.006364   0.01974 6.649e-05
   298/299     11.9G   0.00946   0.02866 0.0003093   0.03843       204       640    0.8602    0.9986     0.995    0.9769  0.006352    0.0197 6.609e-05
   299/299     11.9G  0.009538   0.02923 0.0003099   0.03908       186       640    0.8615    0.9986     0.995    0.9769  0.006343   0.01966  6.57e-05
