     0/299     11.7G   0.08892    0.1464   0.05034    0.2856       120       640         0         0  0.001912 0.0003077   0.07135    0.1356   0.04828
     1/299     11.9G   0.07927    0.1521    0.0487      0.28       165       640   0.02887   0.01057   0.02481  0.005231   0.06916    0.1245   0.04765
     2/299     11.9G   0.07367    0.1504   0.04755    0.2716       146       640    0.0977   0.01848   0.02608  0.006957   0.06452    0.1361   0.04708
     3/299     11.9G   0.06893    0.1573   0.04678    0.2731       187       640    0.1301    0.1629   0.08488   0.02414      0.06    0.1309   0.04674
     4/299     11.9G    0.0639    0.1561   0.04642    0.2664       185       640    0.1642   0.09894   0.09846   0.02955   0.06196    0.1286   0.04595
     5/299     11.9G   0.06182    0.1507    0.0453    0.2578       186       640    0.1727    0.2432    0.1547    0.0492   0.05638    0.1257   0.04455
     6/299     11.9G   0.05902    0.1535   0.04417    0.2567       170       640    0.1366    0.3774    0.1721   0.06237   0.05349    0.1347   0.04404
     7/299     11.9G   0.05628    0.1505    0.0435    0.2503       157       640    0.1169    0.1433   0.04629   0.01566   0.06657    0.1766    0.1697
     8/299     11.9G    0.0563    0.1474   0.04181    0.2455       187       640    0.2259    0.5007     0.289    0.1337   0.04887    0.1187   0.04201
     9/299     11.9G   0.05404    0.1432   0.04221    0.2395       214       640    0.2055    0.5659    0.3074    0.1491    0.0472    0.1203   0.04018
    10/299     11.9G   0.05187    0.1426   0.04084    0.2353       163       640    0.1742    0.6236    0.2376    0.1083   0.04614    0.1245   0.04446
    11/299     11.9G   0.05021    0.1433    0.0397    0.2332       159       640    0.2064    0.6081    0.3527    0.1764   0.04354    0.1227   0.04204
    12/299     11.9G   0.04953    0.1386   0.03881    0.2269       234       640      0.19    0.6898    0.3688    0.1744   0.04391    0.1257   0.03812
    13/299     11.9G   0.04799    0.1355   0.03798    0.2214       144       640    0.2294    0.6069    0.2738    0.1338   0.04198    0.1177    0.0476
    14/299     11.9G   0.04729    0.1374   0.03727    0.2219       160       640    0.2459    0.6835    0.3873    0.2088   0.04158    0.1163   0.03744
    15/299     11.9G   0.04638    0.1322   0.03648    0.2151       138       640    0.2586    0.6468    0.3854    0.2117   0.04269    0.1101    0.0515
    16/299     11.9G   0.04568    0.1336   0.03641    0.2157       133       640    0.1764    0.7697    0.3057    0.1556   0.04083    0.1226   0.03809
    17/299     11.9G   0.04516    0.1304    0.0359    0.2114       143       640    0.1724    0.7931    0.3969    0.2198   0.04044    0.1219   0.03726
    18/299     11.9G   0.04449    0.1315   0.03335    0.2093       141       640    0.2712    0.7138    0.4854    0.2772   0.03951    0.1093   0.03341
    19/299     11.9G   0.04427     0.126   0.03293    0.2032       193       640     0.255    0.7765      0.54    0.2924   0.03974    0.1079   0.03217
    20/299     11.9G   0.04368    0.1292   0.03215     0.205       126       640    0.2486    0.7614    0.5281    0.3092   0.03899    0.1065   0.03277
    21/299     11.9G    0.0436    0.1288   0.03036    0.2027       126       640    0.2416    0.8038    0.5788    0.3312   0.03827    0.1108    0.0305
    22/299     11.9G    0.0426    0.1261   0.03114    0.1998       131       640    0.2922    0.8044     0.591    0.3291   0.03791    0.1034   0.03129
    23/299     11.9G   0.04244    0.1235   0.02916    0.1951       130       640    0.2775     0.817    0.6148    0.3729   0.03626    0.1032   0.02838
    24/299     11.9G   0.04135     0.125   0.02785    0.1942       222       640    0.3053    0.7693    0.6155    0.3766   0.03688    0.1019   0.02953
    25/299     11.9G    0.0422    0.1227   0.02789    0.1927       189       640     0.299    0.8046    0.6292    0.3795   0.03702    0.1022   0.02881
    26/299     11.9G   0.04172    0.1207   0.02585    0.1883       171       640    0.3376    0.8334    0.6899    0.4245   0.03565   0.09853   0.02368
    27/299     11.9G   0.04094    0.1198    0.0244    0.1851       194       640     0.239    0.8634    0.6653    0.4112   0.03561    0.1053   0.02489
    28/299     11.9G   0.04083     0.117   0.02333    0.1812       180       640    0.3063    0.8312    0.6852    0.4249   0.03533   0.09858   0.02369
    29/299     11.9G   0.04007    0.1184   0.02518    0.1837       201       640    0.3073    0.8517    0.7086    0.4328   0.03578    0.1003   0.02481
    30/299     11.9G   0.04016    0.1168   0.02342    0.1804       211       640    0.2711    0.8862    0.7182    0.4442   0.03534    0.1032   0.02079
    31/299     11.9G   0.03985     0.118   0.02283    0.1807       161       640    0.2843    0.8873    0.7289    0.4588   0.03423    0.1001   0.02106
    32/299     11.9G   0.04002    0.1166   0.02055    0.1772       146       640    0.3898     0.839    0.7332    0.4609   0.03448    0.0953   0.01996
    33/299     11.9G   0.03949    0.1141   0.01904    0.1726       142       640    0.3156    0.8519    0.7009    0.4402   0.03474   0.09771   0.02297
    34/299     11.9G   0.03859    0.1097   0.02088    0.1692       211       640    0.3435    0.8162    0.6997    0.4438    0.0357   0.09782   0.02299
    35/299     11.9G   0.03937    0.1141   0.01906    0.1725       201       640    0.3687    0.8728     0.759    0.4877    0.0345   0.09326   0.01815
    36/299     11.9G   0.03882    0.1134   0.01816    0.1703       181       640    0.3244    0.8442    0.6956    0.4286   0.03517   0.09747   0.02173
    37/299     11.9G   0.03821    0.1143   0.01749      0.17       197       640    0.3298    0.8785    0.7648    0.4889   0.03336   0.09692   0.01658
    38/299     11.9G   0.03804    0.1111    0.0175    0.1667       155       640    0.3566     0.899    0.7812     0.507   0.03323    0.0938   0.01722
    39/299     11.9G   0.03762    0.1084   0.01737    0.1633       219       640    0.3567    0.8563    0.7468    0.4725   0.03386   0.09424   0.01891
    40/299     11.9G   0.03789    0.1124   0.01617    0.1664       202       640    0.2728    0.9137    0.7804    0.4966   0.03356   0.09882   0.01661
    41/299     11.9G   0.03757    0.1101   0.01541    0.1631       134       640     0.356     0.898     0.781    0.5064   0.03294     0.095   0.01549
    42/299     11.9G   0.03714     0.109   0.01465    0.1607       177       640      0.33    0.9047    0.7858    0.5176   0.03237   0.09501   0.01584
    43/299     11.9G   0.03679    0.1089   0.01477    0.1604       158       640     0.268    0.9263    0.8001    0.5276    0.0328    0.1007   0.01617
    44/299     11.9G   0.03762    0.1086   0.01312    0.1594       117       640    0.3565    0.9071    0.8073    0.5363   0.03229   0.08974   0.01456
    45/299     11.9G   0.03659    0.1062   0.01458    0.1574       224       640    0.3874    0.8906    0.7816    0.5077    0.0327   0.08942   0.01662
    46/299     11.9G   0.03654    0.1095   0.01291     0.159       126       640    0.3363    0.8983    0.7763    0.5157   0.03181   0.09269   0.01833
    47/299     11.9G   0.03658    0.1061   0.01272    0.1554       189       640     0.361    0.9125     0.809    0.5353   0.03189   0.09004   0.01296
    48/299     11.9G   0.03642     0.105   0.01184    0.1532       176       640    0.3011    0.9297    0.7935    0.5205   0.03187   0.09724   0.01365
    49/299     11.9G   0.03662    0.1069   0.01153     0.155       200       640    0.3309    0.9219    0.8084    0.5392   0.03173   0.09303   0.01392
    50/299     11.9G   0.03584    0.1035   0.01104    0.1504       164       640    0.3783    0.9261    0.8362    0.5574   0.03194   0.08809   0.01085
    51/299     11.9G   0.03549    0.1032   0.01122    0.1499       175       640    0.3678    0.9308    0.8477     0.564   0.03135   0.08802   0.01119
    52/299     11.9G   0.03531    0.1029   0.01174    0.1499       114       640    0.3443    0.9277    0.8206     0.544   0.03204   0.09123   0.01146
    53/299     11.9G   0.03511    0.1047   0.01119     0.151       200       640    0.3843    0.9181    0.8295    0.5594    0.0311   0.08784   0.01062
    54/299     11.9G   0.03509   0.09923   0.01122    0.1455       157       640    0.3733    0.9246    0.8498    0.5714   0.03131   0.08797   0.01048
    55/299     11.9G   0.03484    0.1029  0.009808    0.1475       202       640    0.3312    0.9415    0.8471    0.5642   0.03126   0.09138  0.008481
    56/299     11.9G   0.03494     0.101      0.01    0.1459       175       640    0.4436    0.9188    0.8508    0.5696    0.0313   0.08419  0.009884
    57/299     11.9G   0.03463    0.1009   0.01024    0.1457       171       640    0.3861    0.9291     0.853    0.5859   0.03027   0.08524   0.00933
    58/299     11.9G   0.03468    0.1017  0.009267    0.1456       149       640    0.4056    0.9374    0.8657    0.5865   0.03073   0.08421  0.006814
    59/299     11.9G   0.03484   0.09938  0.009972    0.1442       177       640    0.3761    0.9279    0.8365    0.5642   0.03097   0.08539   0.01273
    60/299     11.9G    0.0339   0.09895   0.00958    0.1424       170       640     0.413    0.9135    0.8439    0.5742   0.02986   0.08458   0.01077
    61/299     11.9G   0.03402   0.09746  0.009101    0.1406       191       640     0.371    0.9502     0.868    0.5917      0.03   0.08541  0.008042
    62/299     11.9G    0.0338   0.09866  0.008289    0.1407       191       640    0.3868    0.9479     0.874    0.6062   0.02979   0.08538  0.008066
    63/299     11.9G   0.03344   0.09793  0.007569    0.1389       168       640    0.3891    0.9316    0.8594    0.5903   0.02946   0.08486   0.01084
    64/299     11.9G   0.03374   0.09792  0.008209    0.1399       163       640    0.3459    0.9451    0.8659    0.6038   0.02985   0.08627  0.007779
    65/299     11.9G   0.03319    0.0983  0.008513      0.14       184       640    0.3608    0.9505    0.8794    0.6086   0.02989   0.08496  0.008108
    66/299     11.9G   0.03353   0.09628  0.007919    0.1377       144       640    0.4422    0.9386     0.881    0.6181   0.02928   0.08194  0.008571
    67/299     11.9G   0.03305   0.09714  0.008339    0.1385       168       640      0.39    0.9446    0.8663    0.6017   0.02957   0.08496  0.008251
    68/299     11.9G   0.03298   0.09518  0.008654    0.1368       139       640    0.3882    0.9537    0.8895    0.6332   0.02906   0.08224  0.007283
    69/299     11.9G   0.03239   0.09338   0.00783    0.1336       136       640     0.414    0.9388     0.877    0.6136   0.02929   0.08177  0.008241
    70/299     11.9G   0.03256   0.09345  0.007447    0.1335       175       640    0.3798    0.9512    0.8937    0.6253   0.02905    0.0834  0.005643
    71/299     11.9G   0.03218   0.09327  0.008317    0.1338       136       640    0.4243    0.9445    0.9038    0.6295   0.02941   0.08087  0.006252
    72/299     11.9G    0.0325   0.09539  0.007069     0.135       148       640    0.4436    0.9489    0.8977     0.632    0.0291   0.07883   0.00512
    73/299     11.9G   0.03213   0.09394  0.007512    0.1336       230       640    0.4117    0.9523    0.8945    0.6295   0.02899   0.08021  0.005237
    74/299     11.9G   0.03223   0.09216  0.006558    0.1309       151       640     0.492    0.9363    0.9034    0.6368    0.0287   0.07802  0.006209
    75/299     11.9G   0.03148   0.09154  0.006791    0.1298       192       640    0.4209     0.939    0.8887    0.6299   0.02864   0.08002  0.007144
    76/299     11.9G   0.03202   0.09413  0.006314    0.1325       162       640    0.4027     0.964    0.9075    0.6414   0.02856   0.07969  0.005696
    77/299     11.9G   0.03127   0.08957  0.006102    0.1269       131       640    0.3829     0.953     0.905     0.643   0.02833   0.08085  0.005189
    78/299     11.9G   0.03151   0.08928  0.006372    0.1272       120       640    0.3833    0.9562    0.8994     0.632   0.02853    0.0801  0.005927
    79/299     11.9G   0.03106    0.0884  0.006705    0.1262       138       640    0.4169     0.962    0.9135    0.6532   0.02768   0.07903   0.00442
    80/299     11.9G   0.03117    0.0903  0.006093    0.1276       179       640      0.42     0.959    0.9137    0.6549   0.02792   0.07762  0.004356
    81/299     11.9G   0.03136   0.09039  0.005801    0.1276       180       640    0.4655    0.9395    0.9055    0.6507   0.02764   0.07686  0.005314
    82/299     11.9G   0.03145   0.09037  0.006202     0.128       177       640    0.4184    0.9547     0.903     0.649   0.02777   0.07746  0.005939
    83/299     11.9G   0.03088   0.09036  0.006121    0.1274       177       640    0.4852     0.953    0.9106    0.6489   0.02802   0.07573  0.005566
    84/299     11.9G   0.03081   0.08957  0.005954    0.1263       178       640    0.4703    0.9505    0.9222    0.6665   0.02755   0.07478  0.005055
    85/299     11.9G   0.03099   0.08948   0.00594    0.1264       154       640    0.4201    0.9604    0.9074     0.653   0.02737   0.07804  0.005581
    86/299     11.9G   0.03061   0.08788  0.006231    0.1247       171       640    0.4219    0.9601    0.9072    0.6561   0.02758   0.07632  0.006641
    87/299     11.9G   0.03076   0.08854  0.006183    0.1255       123       640    0.4771    0.9578    0.9284     0.672   0.02736   0.07372  0.003439
    88/299     11.9G   0.03059   0.08873  0.005462    0.1248       261       640    0.4056    0.9624    0.9252     0.672   0.02758    0.0772  0.003819
    89/299     11.9G   0.03021   0.08862    0.0056    0.1244       159       640    0.4448    0.9619    0.9236    0.6712    0.0269   0.07459  0.002956
    90/299     11.9G   0.03015   0.08622  0.006021    0.1224       133       640    0.4271    0.9658    0.9349    0.6833   0.02683   0.07396  0.003659
    91/299     11.9G   0.03026   0.08402  0.005805    0.1201       164       640    0.4366    0.9642    0.9294      0.68   0.02694   0.07581  0.003705
    92/299     11.9G   0.03032   0.08626  0.005461     0.122       185       640    0.4345    0.9667    0.9301      0.68   0.02669   0.07527  0.003785
    93/299     11.9G   0.03041   0.08605  0.005646    0.1221       199       640    0.4275    0.9665    0.9272    0.6776   0.02678   0.07507  0.003494
    94/299     11.9G   0.02937   0.08336  0.005737    0.1185       134       640    0.4693    0.9628    0.9331    0.6815   0.02694    0.0734  0.004397
    95/299     11.9G   0.02938   0.08441  0.004725    0.1185       202       640    0.4489    0.9699    0.9406    0.6873   0.02678    0.0735  0.002915
    96/299     11.9G   0.02939   0.08515  0.005003    0.1195       169       640    0.4602    0.9645    0.9403    0.6912    0.0262   0.07248  0.002786
    97/299     11.9G   0.02941   0.08218  0.004692    0.1163       128       640    0.4416    0.9632    0.9362    0.6869   0.02666   0.07254  0.003337
    98/299     11.9G    0.0288   0.08349  0.004784    0.1171       167       640    0.4814    0.9674    0.9463    0.7019   0.02562   0.07226  0.002515
    99/299     11.9G   0.02907    0.0859  0.004352    0.1193       166       640    0.4639     0.966    0.9318    0.6877   0.02643   0.07324  0.003509
   100/299     11.9G   0.02954   0.08283  0.004565    0.1169       165       640    0.4896    0.9689    0.9396    0.6916   0.02624   0.07199  0.003202
   101/299     11.9G   0.02853   0.08228  0.004531    0.1153       195       640    0.4663    0.9643    0.9365    0.6977   0.02565   0.07121  0.003161
   102/299     11.9G   0.02873   0.08173   0.00448    0.1149       145       640    0.4561    0.9669    0.9374    0.6994   0.02585   0.07279  0.003349
   103/299     11.9G   0.02848   0.08224  0.004205    0.1149       175       640     0.453    0.9714    0.9409    0.7012   0.02586    0.0733   0.00338
   104/299     11.9G   0.02852   0.08195  0.004719    0.1152       179       640    0.4374    0.9699    0.9415    0.6986   0.02592   0.07212  0.003805
   105/299     11.9G   0.02886   0.08339  0.004722     0.117       135       640    0.4807    0.9655    0.9426    0.7023   0.02557   0.07077   0.00237
   106/299     11.9G   0.02823   0.08256  0.004599    0.1154       166       640    0.4506    0.9665    0.9406    0.7032   0.02577   0.07291  0.002962
   107/299     11.9G   0.02826   0.08108  0.004252    0.1136       149       640    0.4447    0.9677    0.9406    0.6988   0.02555    0.0712  0.003818
   108/299     11.9G   0.02878   0.08116  0.004859    0.1148       229       640    0.5139    0.9624    0.9463    0.7071   0.02535   0.06786   0.00382
   109/299     11.9G   0.02832   0.07957  0.004516    0.1124       181       640    0.4757    0.9698    0.9488    0.7109    0.0252    0.0707  0.002259
   110/299     11.9G   0.02828   0.08035  0.004274    0.1129       165       640     0.436    0.9734    0.9487    0.7072   0.02538   0.07194  0.002514
   111/299     11.9G   0.02746   0.08033  0.004358    0.1121       207       640    0.5331    0.9687    0.9495    0.7115   0.02505   0.06835  0.002504
   112/299     11.9G    0.0277   0.07987  0.004324    0.1119       243       640    0.4385    0.9753    0.9425    0.7129    0.0249   0.07082  0.003135
   113/299     11.9G   0.02753   0.08142  0.003978    0.1129       110       640    0.4577    0.9754    0.9519    0.7176   0.02491   0.07079  0.002332
   114/299     11.9G   0.02756    0.0812  0.003753    0.1125       173       640    0.4731    0.9686    0.9489    0.7217    0.0247   0.06912  0.002855
   115/299     11.9G   0.02742   0.07863   0.00379    0.1098       161       640    0.4862    0.9708    0.9526    0.7181   0.02454   0.06887  0.002729
   116/299     11.9G   0.02775   0.07889  0.004174    0.1108       146       640    0.4805    0.9691    0.9441    0.7184   0.02452   0.06818  0.003441
   117/299     11.9G   0.02739   0.07871  0.004172    0.1103       173       640    0.4788    0.9747    0.9543    0.7277   0.02435   0.06821  0.002071
   118/299     11.9G   0.02751   0.07789  0.004076    0.1095       161       640    0.4945    0.9685     0.947    0.7187   0.02454   0.06847   0.00236
   119/299     11.9G   0.02712    0.0786  0.004211    0.1099       171       640    0.4618    0.9739    0.9522    0.7236    0.0246   0.06882  0.002397
   120/299     11.9G   0.02707   0.07708  0.004007    0.1082       220       640     0.499    0.9725    0.9524    0.7267   0.02425   0.06736  0.002538
   121/299     11.9G   0.02702    0.0773  0.003328    0.1077       173       640    0.4769    0.9755    0.9584    0.7335   0.02397   0.06842  0.001813
   122/299     11.9G   0.02686   0.07753  0.003813    0.1082       168       640    0.4786    0.9721    0.9554    0.7302   0.02422   0.06707   0.00242
   123/299     11.9G   0.02696   0.07708  0.004127    0.1082       194       640    0.4655    0.9742     0.953    0.7355   0.02407   0.06842  0.002009
   124/299     11.9G   0.02695   0.07649  0.003743    0.1072       254       640    0.5109     0.971    0.9582    0.7327   0.02425   0.06666  0.002048
   125/299     11.9G   0.02624   0.07691  0.003405    0.1066       185       640    0.4987    0.9752    0.9554    0.7314   0.02408   0.06638  0.002257
   126/299     11.9G   0.02663   0.07484  0.003979    0.1055       189       640    0.4979    0.9722    0.9546    0.7341   0.02401   0.06763  0.002197
   127/299     11.9G   0.02669   0.07575  0.003963    0.1064       186       640    0.5083    0.9697    0.9472    0.7363   0.02386   0.06599  0.003481
   128/299     11.9G   0.02678   0.07503  0.004195     0.106       204       640     0.497    0.9723    0.9554    0.7369   0.02389   0.06619  0.002096
   129/299     11.9G   0.02629   0.07625  0.003539    0.1061       162       640    0.4786    0.9742     0.958    0.7419    0.0236   0.06612  0.002042
   130/299     11.9G   0.02621   0.07538  0.003481    0.1051       244       640    0.4843    0.9755    0.9594    0.7392   0.02358   0.06571  0.001841
   131/299     11.9G    0.0261   0.07316  0.003806    0.1031       179       640    0.5159    0.9721    0.9588    0.7466   0.02362   0.06528  0.001847
   132/299     11.9G   0.02628   0.07496  0.003831    0.1051       181       640    0.4826    0.9753     0.959    0.7422   0.02353   0.06727  0.001707
   133/299     11.9G   0.02636   0.07563  0.003551    0.1055       190       640    0.5215    0.9748    0.9582    0.7397    0.0236   0.06432  0.001611
   134/299     11.9G    0.0261    0.0739  0.003226    0.1032       108       640    0.5132    0.9731    0.9572    0.7432    0.0235   0.06416   0.00212
   135/299     11.9G   0.02578   0.07427  0.003073    0.1031       237       640    0.4993    0.9764    0.9586    0.7421   0.02324   0.06517  0.002264
   136/299     11.9G   0.02576   0.07331  0.003287    0.1024       156       640    0.4874    0.9756    0.9592     0.747   0.02347   0.06629  0.001277
   137/299     11.9G   0.02557   0.07361  0.003492    0.1027       162       640     0.514    0.9768    0.9655     0.745   0.02343   0.06488  0.001255
   138/299     11.9G    0.0258   0.07464  0.003346    0.1038       166       640    0.5243    0.9722    0.9562    0.7471   0.02296   0.06507   0.00146
   139/299     11.9G    0.0252   0.07274  0.003224    0.1012       158       640    0.5304    0.9727    0.9633    0.7544   0.02301   0.06341  0.001542
   140/299     11.9G   0.02557   0.07366   0.00299    0.1022       190       640    0.4915    0.9753     0.958    0.7471   0.02293   0.06511  0.001448
   141/299     11.9G   0.02504   0.07272  0.003363    0.1011       148       640    0.4904    0.9751    0.9585    0.7495   0.02274   0.06558   0.00154
   142/299     11.9G   0.02539   0.07206  0.003146    0.1006       142       640    0.5199    0.9737    0.9615    0.7522   0.02303    0.0631  0.001486
   143/299     11.9G   0.02554   0.07592  0.003038    0.1045       182       640    0.5153     0.975    0.9589    0.7505   0.02287   0.06411  0.001879
   144/299     11.9G   0.02468   0.07181  0.002942   0.09944       138       640    0.5356    0.9712    0.9555    0.7483   0.02309   0.06383  0.001897
   145/299     11.9G   0.02502   0.07139  0.003197   0.09961       141       640    0.5048    0.9772    0.9608    0.7544   0.02267   0.06377  0.001766
   146/299     11.9G   0.02517   0.07249  0.002859    0.1005       211       640    0.5194     0.973     0.962     0.755    0.0229   0.06358  0.001641
   147/299     11.9G   0.02459   0.07124  0.002923   0.09875       221       640    0.5337    0.9763     0.967     0.756   0.02264   0.06396  0.001145
   148/299     11.9G   0.02467   0.07126  0.002764   0.09869       177       640    0.4755    0.9765    0.9616    0.7563   0.02252   0.06491  0.001766
   149/299     11.9G   0.02475   0.07195  0.003013   0.09971       214       640    0.5567    0.9714    0.9613    0.7573   0.02279    0.0638  0.002108
   150/299     11.9G   0.02439   0.07055  0.003007   0.09794       163       640    0.5129    0.9772    0.9645    0.7627   0.02242   0.06319  0.001418
   151/299     11.9G   0.02455   0.06994  0.002964   0.09746       217       640     0.511    0.9792    0.9644    0.7591   0.02255   0.06297   0.00121
   152/299     11.9G   0.02413   0.07023  0.002631   0.09699       214       640    0.5494     0.977    0.9631     0.762   0.02226   0.06223  0.001477
   153/299     11.9G   0.02432   0.07149   0.00256   0.09837       137       640    0.5277    0.9721    0.9601    0.7627   0.02229   0.06188  0.001799
   154/299     11.9G   0.02447   0.07213  0.002587   0.09919       147       640    0.5383    0.9791    0.9657    0.7655   0.02214   0.06169  0.001663
   155/299     11.9G    0.0241   0.06861  0.002738   0.09545       177       640     0.503    0.9773    0.9602    0.7605   0.02213     0.063  0.002012
   156/299     11.9G   0.02445   0.06974  0.002585   0.09677       265       640    0.5359    0.9736    0.9607    0.7655   0.02189   0.06203  0.001788
   157/299     11.9G     0.024   0.06846  0.002715   0.09518       177       640    0.5121    0.9747    0.9623    0.7655    0.0221   0.06235  0.001643
   158/299     11.9G    0.0238   0.06908  0.003076   0.09595       197       640    0.5738    0.9727    0.9653     0.769   0.02191   0.06061  0.001042
   159/299     11.9G   0.02366   0.06901  0.002707   0.09538       171       640    0.5595    0.9744    0.9645    0.7675   0.02195   0.06127  0.001715
   160/299     11.9G   0.02362   0.06708  0.002577   0.09328       193       640    0.5508     0.972    0.9626    0.7649   0.02214   0.06172  0.001426
   161/299     11.9G   0.02356   0.06857  0.002737   0.09487       158       640    0.5204    0.9752    0.9618    0.7675   0.02187   0.06289  0.002019
   162/299     11.9G   0.02358   0.06923  0.002708   0.09553       192       640    0.5317    0.9767    0.9671    0.7774   0.02163   0.06028  0.001371
   163/299     11.9G    0.0234   0.06811  0.002829   0.09433       162       640    0.5425     0.978    0.9668    0.7745   0.02164   0.06023  0.001342
   164/299     11.9G   0.02335   0.06684  0.002644   0.09284       255       640    0.5278    0.9791    0.9671    0.7726    0.0217   0.06104  0.001455
   165/299     11.9G   0.02372   0.06914   0.00255   0.09541       163       640    0.5096    0.9787    0.9681    0.7773   0.02135   0.06148  0.001226
   166/299     11.9G   0.02371    0.0672  0.002537   0.09344       172       640    0.5366    0.9743    0.9652    0.7706    0.0216   0.06159  0.001554
   167/299     11.9G   0.02318   0.06559  0.002632    0.0914       146       640    0.5512    0.9735    0.9653    0.7736   0.02134   0.06068  0.001641
   168/299     11.9G   0.02289   0.06578   0.00265   0.09132       176       640    0.5347    0.9781    0.9687    0.7775   0.02114   0.06083 0.0009264
   169/299     11.9G   0.02325   0.06731   0.00258   0.09313       168       640    0.5413     0.977    0.9693    0.7825   0.02112   0.06036  0.001152
   170/299     11.9G   0.02312   0.06702  0.002461    0.0926       195       640    0.5386    0.9748    0.9631    0.7778     0.021   0.06015  0.001236
   171/299     11.9G   0.02294   0.06688  0.002547   0.09236       150       640     0.571    0.9768    0.9701    0.7841   0.02101   0.05829 0.0009918
   172/299     11.9G   0.02302   0.06579  0.002476   0.09129       155       640    0.5219    0.9799    0.9688    0.7758   0.02116   0.05963  0.001136
   173/299     11.9G   0.02257   0.06441   0.00214   0.08911       147       640     0.548    0.9776     0.967    0.7797   0.02105   0.06032  0.001011
   174/299     11.9G   0.02261   0.06578  0.002293   0.09068       147       640    0.5499     0.976    0.9686    0.7804   0.02101   0.05877  0.001497
   175/299     11.9G   0.02211   0.06461  0.002416   0.08914       141       640    0.5389    0.9748    0.9656    0.7794   0.02079   0.05981  0.001238
   176/299     11.9G   0.02291   0.06549  0.002937   0.09133       168       640    0.5488    0.9771    0.9644    0.7818   0.02087   0.05963  0.001257
   177/299     11.9G   0.02268   0.06629  0.002299   0.09127       163       640    0.5489     0.974    0.9674    0.7839   0.02079   0.05961 0.0009968
   178/299     11.9G   0.02253   0.06529  0.002277    0.0901       189       640    0.5551    0.9787    0.9713    0.7888   0.02074   0.05798  0.001012
   179/299     11.9G   0.02196   0.06582  0.002181   0.08996       159       640    0.5594    0.9766     0.968    0.7884   0.02066   0.05961  0.001188
   180/299     11.9G   0.02216   0.06321  0.002485   0.08786       194       640    0.5623    0.9758    0.9686    0.7903   0.02078   0.05843    0.0011
   181/299     11.9G   0.02231   0.06463  0.002419   0.08936       165       640    0.5488     0.978    0.9689    0.7833    0.0209   0.05896   0.00134
   182/299     11.9G   0.02241   0.06368  0.002423   0.08851       122       640     0.549    0.9808    0.9697    0.7871   0.02059   0.05791  0.001089
   183/299     11.9G   0.02222   0.06305  0.002168   0.08744       148       640      0.55    0.9781    0.9705    0.7895   0.02044   0.05889  0.001272
   184/299     11.9G   0.02212   0.06393  0.001962   0.08802       160       640    0.5808    0.9761      0.97    0.7934   0.02024   0.05853  0.001105
   185/299     11.9G   0.02201   0.06248  0.002271   0.08676       145       640    0.5801    0.9786      0.97    0.7946   0.02009   0.05771   0.00114
   186/299     11.9G   0.02184   0.06469  0.002275    0.0888       185       640    0.5705    0.9788    0.9708    0.7947   0.02009   0.05682  0.001099
   187/299     11.9G   0.02178   0.06232  0.002223   0.08633       185       640    0.5466    0.9773    0.9681     0.788   0.02021   0.05896  0.001144
   188/299     11.9G   0.02192   0.06278  0.002038   0.08674       229       640    0.5626    0.9753    0.9694     0.792   0.02017   0.05793  0.001127
   189/299     11.9G   0.02168   0.06363  0.002265   0.08757       175       640    0.5896    0.9749    0.9701    0.7951   0.02002   0.05735  0.001017
   190/299     11.9G   0.02173   0.06376  0.002009    0.0875       147       640    0.5565     0.976    0.9666    0.7929   0.01992   0.05839  0.001642
   191/299     11.9G   0.02163   0.06213  0.002013   0.08578       162       640    0.5307    0.9785    0.9706    0.7932      0.02   0.05925  0.001219
   192/299     11.9G   0.02147   0.06177  0.002402   0.08563       187       640    0.5686    0.9758    0.9716    0.7932   0.01997    0.0579  0.001158
   193/299     11.9G   0.02158   0.06409  0.001883   0.08756       165       640    0.5723    0.9747    0.9708    0.7985   0.02001   0.05697  0.001039
   194/299     11.9G   0.02109   0.06205   0.00182   0.08495       217       640    0.5877    0.9744    0.9691    0.7952   0.01984   0.05657   0.00102
   195/299     11.9G   0.02124   0.06208   0.00165   0.08497       181       640    0.5566    0.9763    0.9706    0.7956   0.01985   0.05769  0.001013
   196/299     11.9G   0.02092   0.06254  0.001999   0.08545       203       640    0.5587    0.9766    0.9704    0.7958   0.01974   0.05792  0.001185
   197/299     11.9G   0.02115   0.06135  0.001899   0.08439       153       640    0.5583    0.9762    0.9702    0.7979   0.01959   0.05762  0.001182
   198/299     11.9G   0.02113   0.06227  0.001912   0.08531       160       640    0.5777    0.9764    0.9718    0.8003   0.01944   0.05693 0.0009888
   199/299     11.9G   0.02113   0.06012    0.0019   0.08315       143       640    0.5732    0.9775    0.9713    0.8014   0.01939   0.05676 0.0009595
   200/299     11.9G   0.02093   0.06107  0.002031   0.08404       188       640    0.5774     0.979     0.971    0.8002   0.01956   0.05675  0.001117
   201/299     11.9G   0.02109   0.06143  0.001896   0.08441       156       640    0.5643    0.9762    0.9704    0.8016   0.01947   0.05731  0.001246
   202/299     11.9G   0.02104   0.06071  0.001931   0.08368       118       640    0.5835    0.9757    0.9705     0.803   0.01939   0.05684  0.001046
   203/299     11.9G   0.02061   0.06122  0.001922   0.08376       201       640    0.5776    0.9755    0.9706    0.8015   0.01952   0.05687  0.001077
   204/299     11.9G   0.02067   0.06052  0.002069   0.08325       179       640    0.5585    0.9781    0.9725    0.8057   0.01928   0.05666 0.0009556
   205/299     11.9G   0.02077   0.06076  0.002001   0.08353       186       640    0.5901     0.976    0.9704    0.8023   0.01945   0.05636 0.0007836
   206/299     11.9G   0.02066   0.05961  0.001818   0.08209       140       640    0.5903    0.9783    0.9704    0.8036   0.01937   0.05552 0.0007372
   207/299     11.9G   0.02034   0.05972  0.001679   0.08174       154       640    0.5929    0.9787    0.9709    0.8048    0.0193   0.05521  0.001017
   208/299     11.9G   0.02047   0.05945  0.001833   0.08175       184       640    0.5944     0.974    0.9704    0.8045   0.01928   0.05561 0.0009484
   209/299     11.9G   0.02034   0.05957  0.001513   0.08143       203       640    0.5922    0.9769    0.9719    0.8097   0.01918   0.05542 0.0008708
   210/299     11.9G   0.02006   0.05977  0.001877   0.08171       131       640    0.5809    0.9778    0.9723    0.8099     0.019   0.05487 0.0007857
   211/299     11.9G   0.02034   0.05992  0.001605   0.08187       152       640    0.5791    0.9767    0.9704     0.809   0.01904   0.05513 0.0009899
   212/299     11.9G   0.02025   0.05937  0.001742   0.08136       146       640    0.5766    0.9782    0.9718    0.8093   0.01893    0.0555 0.0008841
   213/299     11.9G   0.02015   0.05953  0.001756   0.08143       203       640    0.5862    0.9769    0.9716    0.8097   0.01904   0.05516 0.0009812
   214/299     11.9G   0.02032    0.0577  0.001586    0.0796       172       640    0.5924    0.9775    0.9722    0.8106   0.01893   0.05402 0.0008308
   215/299     11.9G   0.02018   0.05799  0.001792   0.07997       139       640    0.5832     0.977    0.9711    0.8091   0.01901   0.05506 0.0008625
   216/299     11.9G   0.01998   0.05768  0.001733   0.07939       147       640    0.5958    0.9758    0.9709    0.8123   0.01895   0.05467 0.0008637
   217/299     11.9G   0.01987   0.05894  0.001753   0.08057       284       640    0.5871    0.9754    0.9719    0.8126   0.01882   0.05463 0.0007368
   218/299     11.9G   0.01979   0.05859   0.00161   0.07998       176       640    0.5735    0.9776    0.9721    0.8126   0.01875   0.05487 0.0009585
   219/299     11.9G   0.01996   0.05753  0.001629   0.07912       192       640    0.5968    0.9792    0.9736     0.814   0.01874   0.05394 0.0008227
   220/299     11.9G   0.01998   0.05921  0.001629   0.08082       103       640    0.5955    0.9776    0.9719    0.8155   0.01864   0.05449 0.0008209
   221/299     11.9G   0.01994   0.05741  0.001544    0.0789       195       640    0.6089     0.976    0.9712    0.8161   0.01863    0.0539 0.0008551
   222/299     11.9G   0.01994   0.05736  0.001735   0.07904       168       640    0.5879    0.9772    0.9719    0.8154   0.01876   0.05435 0.0009602
   223/299     11.9G   0.01957   0.05671  0.001628    0.0779       135       640    0.5846    0.9752    0.9714    0.8148   0.01871   0.05427 0.0008288
   224/299     11.9G    0.0195   0.05714  0.001335   0.07798       170       640    0.6084     0.974    0.9717    0.8176   0.01854   0.05337 0.0007793
   225/299     11.9G   0.01959   0.05684  0.001607   0.07804       207       640    0.6047    0.9767    0.9727     0.819   0.01836    0.0536 0.0008417
   226/299     11.9G   0.01991   0.05636  0.001549   0.07782       201       640    0.5942    0.9765    0.9734    0.8202   0.01817   0.05365  0.001013
   227/299     11.9G   0.01931   0.05813  0.001414   0.07886       134       640    0.5858    0.9783    0.9739    0.8162   0.01827   0.05388 0.0008848
   228/299     11.9G   0.01921   0.05728  0.001572   0.07806       211       640    0.6064     0.977    0.9735    0.8181   0.01826   0.05364 0.0009287
   229/299     11.9G   0.01937   0.05707  0.001498   0.07794       167       640    0.6138    0.9737    0.9724    0.8212    0.0182   0.05326 0.0008937
   230/299     11.9G   0.01937    0.0565  0.001539   0.07741       178       640    0.6069    0.9775    0.9745    0.8207   0.01818   0.05301 0.0007262
   231/299     11.9G    0.0191   0.05657  0.001627    0.0773       168       640    0.6172     0.974    0.9719    0.8209   0.01808   0.05339 0.0007639
   232/299     11.9G   0.01922   0.05705  0.001498   0.07777       145       640    0.5976    0.9764    0.9713    0.8177   0.01825   0.05405 0.0007867
   233/299     11.9G   0.01903   0.05564  0.001427    0.0761       150       640    0.5972    0.9763    0.9725    0.8186   0.01816   0.05361 0.0007796
   234/299     11.9G    0.0189   0.05587  0.001529    0.0763       160       640    0.6005    0.9755    0.9722     0.818   0.01803   0.05386 0.0007245
   235/299     11.9G    0.0189   0.05451  0.001364   0.07477       142       640    0.6056    0.9751    0.9724    0.8222   0.01787   0.05343 0.0006992
   236/299     11.9G   0.01918   0.05647  0.001287   0.07694       143       640    0.5996    0.9757    0.9726    0.8227   0.01782   0.05317 0.0007889
   237/299     11.9G   0.01877   0.05435  0.001336   0.07446       135       640    0.6201    0.9747    0.9723    0.8235   0.01782    0.0528 0.0007733
   238/299     11.9G   0.01869   0.05531  0.001407    0.0754       147       640    0.6249    0.9761    0.9734    0.8234   0.01779    0.0524  0.000714
   239/299     11.9G    0.0189   0.05511  0.001442   0.07545       148       640     0.606    0.9759    0.9734    0.8248   0.01774   0.05301  0.000889
   240/299     11.9G   0.01877   0.05531  0.001381   0.07546       137       640    0.6027    0.9746    0.9732    0.8239   0.01773   0.05359 0.0009135
   241/299     11.9G   0.01882   0.05414  0.001447   0.07441       199       640    0.6051    0.9758    0.9728     0.824   0.01786   0.05345 0.0008713
   242/299     11.9G   0.01888   0.05518  0.001419   0.07548       182       640    0.6305    0.9742    0.9732    0.8278    0.0177   0.05268 0.0008245
   243/299     11.9G   0.01876   0.05478  0.001534   0.07508       209       640     0.606    0.9791    0.9737    0.8254   0.01766   0.05336 0.0008328
   244/299     11.9G   0.01884   0.05451  0.001445    0.0748       136       640    0.6012    0.9752    0.9722     0.824   0.01771    0.0536 0.0008497
   245/299     11.9G   0.01872   0.05511  0.001336   0.07517       152       640    0.6135    0.9742    0.9714    0.8242   0.01776   0.05302 0.0009134
   246/299     11.9G   0.01858   0.05409  0.001487   0.07416       173       640    0.6105    0.9755    0.9718    0.8254   0.01771   0.05324 0.0008334
   247/299     11.9G   0.01858   0.05591  0.001363   0.07585       162       640    0.6221    0.9772    0.9726    0.8253   0.01776   0.05267 0.0007951
   248/299     11.9G   0.01855   0.05445  0.001459   0.07446       147       640    0.6267    0.9748     0.972    0.8278   0.01772    0.0526 0.0008357
   249/299     11.9G   0.01865   0.05399   0.00134   0.07398       201       640    0.6172    0.9754    0.9725    0.8276   0.01761   0.05303 0.0007676
   250/299     11.9G    0.0185   0.05464  0.001351    0.0745       202       640    0.6176    0.9736    0.9723    0.8283   0.01753   0.05301 0.0007046
   251/299     11.9G   0.01808   0.05387  0.001418   0.07337       160       640    0.6186    0.9766    0.9728    0.8285   0.01739   0.05273  0.000744
   252/299     11.9G   0.01801   0.05296  0.001232    0.0722       172       640    0.6193    0.9748    0.9726    0.8298    0.0173   0.05234 0.0007092
   253/299     11.9G   0.01831   0.05307  0.001327   0.07271       139       640    0.6197    0.9757    0.9731    0.8315   0.01732   0.05207 0.0006604
   254/299     11.9G   0.01795   0.05326  0.001233   0.07244       138       640    0.6256    0.9757    0.9738    0.8327   0.01729    0.0517 0.0006875
   255/299     11.9G   0.01826   0.05336  0.001241   0.07286       156       640    0.6237    0.9751    0.9735     0.833   0.01724   0.05142 0.0007296
   256/299     11.9G   0.01807   0.05403  0.001267   0.07337       175       640    0.6233    0.9753     0.974    0.8342   0.01716   0.05187 0.0007083
   257/299     11.9G   0.01829   0.05329  0.001232   0.07282       124       640    0.6296    0.9756    0.9733     0.833   0.01725   0.05209 0.0006872
   258/299     11.9G   0.01797   0.05323  0.001407   0.07261       163       640    0.6258    0.9746    0.9714    0.8316   0.01729   0.05177 0.0007979
   259/299     11.9G   0.01833    0.0537  0.001255   0.07329       175       640    0.6251    0.9748    0.9722     0.833   0.01725   0.05179 0.0007951
   260/299     11.9G    0.0183   0.05339  0.001267   0.07296       177       640    0.6142    0.9777    0.9734     0.833   0.01723   0.05156 0.0008941
   261/299     11.9G     0.018   0.05284  0.001331   0.07218       164       640    0.6181    0.9771    0.9741     0.834   0.01715   0.05133 0.0008107
   262/299     11.9G    0.0177   0.05162  0.001243   0.07057       158       640    0.6109    0.9746    0.9733    0.8336   0.01714   0.05183 0.0008633
   263/299     11.9G   0.01812   0.05274   0.00128   0.07215       205       640    0.6313    0.9732    0.9726    0.8354   0.01707   0.05148 0.0009285
   264/299     11.9G   0.01796   0.05235  0.001489   0.07179       127       640    0.6272    0.9737    0.9725    0.8358   0.01706    0.0517 0.0009829
   265/299     11.9G   0.01779   0.05127   0.00142   0.07048       197       640    0.6243    0.9744    0.9727    0.8354   0.01704   0.05154 0.0008676
   266/299     11.9G   0.01774   0.05167  0.001232   0.07064       141       640    0.6276    0.9766    0.9737    0.8365   0.01698   0.05168 0.0008301
   267/299     11.9G   0.01794   0.05173  0.001326     0.071       158       640    0.6361    0.9766    0.9728    0.8371     0.017   0.05177 0.0008606
   268/299     11.9G   0.01766   0.05115  0.001139   0.06995       138       640    0.6354    0.9748    0.9726    0.8388   0.01696    0.0521   0.00091
   269/299     11.9G   0.01772   0.05138  0.001517   0.07061       177       640    0.6274    0.9728    0.9712    0.8361   0.01698   0.05219  0.000864
   270/299     11.9G   0.01769   0.05059  0.001302   0.06958       186       640    0.6287    0.9742    0.9718    0.8361   0.01692   0.05191 0.0008438
   271/299     11.9G   0.01773    0.0521  0.001128   0.07096       175       640    0.6198    0.9739    0.9722    0.8371   0.01685   0.05187  0.000849
   272/299     11.9G   0.01756   0.05177  0.001212   0.07054       158       640    0.6223    0.9736    0.9722    0.8367   0.01682   0.05184 0.0009234
   273/299     11.9G   0.01753   0.05149  0.001166   0.07018       229       640    0.6314    0.9745    0.9729    0.8378   0.01677   0.05135 0.0008698
   274/299     11.9G   0.01762   0.05155  0.001451   0.07062       216       640    0.6323    0.9749     0.973    0.8381    0.0168   0.05137 0.0008827
   275/299     11.9G   0.01748   0.05045  0.001164   0.06909       192       640    0.6221     0.974    0.9718     0.836   0.01683   0.05158 0.0008917
   276/299     11.9G   0.01746   0.05144  0.001108      0.07       147       640    0.6216    0.9755    0.9718    0.8376   0.01674   0.05151 0.0009008
   277/299     11.9G   0.01752   0.05188  0.001223   0.07062       276       640    0.6236    0.9738    0.9719     0.838   0.01672   0.05133 0.0008354
   278/299     11.9G   0.01749   0.05114  0.001162   0.06979       191       640    0.6193    0.9745    0.9725    0.8394   0.01671   0.05134 0.0007743
   279/299     11.9G   0.01749   0.05165  0.001208   0.07035       101       640    0.6189    0.9724    0.9723    0.8398   0.01665   0.05144 0.0008341
   280/299     11.9G   0.01763   0.05148  0.001057   0.07016       179       640    0.6196    0.9747    0.9729    0.8408   0.01664   0.05108 0.0008274
   281/299     11.9G    0.0172   0.05006   0.00114    0.0684       152       640    0.6298    0.9745     0.973    0.8405   0.01663     0.051 0.0007642
   282/299     11.9G   0.01736   0.05022  0.001087   0.06867       202       640    0.6301    0.9753    0.9736    0.8423   0.01657   0.05079 0.0007895
   283/299     11.9G   0.01733    0.0496  0.001236   0.06817       206       640    0.6438    0.9747     0.973    0.8414   0.01662   0.05068 0.0008052
   284/299     11.9G   0.01716   0.04936  0.001191   0.06771       197       640    0.6306    0.9761     0.973     0.841   0.01664   0.05072 0.0007629
   285/299     11.9G   0.01732   0.05021  0.001059   0.06859       159       640    0.6347    0.9749     0.974    0.8406   0.01659   0.05061 0.0007502
   286/299     11.9G   0.01743   0.05043  0.001223   0.06909       161       640    0.6405    0.9732    0.9728    0.8404   0.01659   0.05044 0.0008457
   287/299     11.9G   0.01719   0.04879  0.001068   0.06705       177       640    0.6427    0.9727     0.973    0.8407   0.01653   0.05048 0.0007832
   288/299     11.9G    0.0169   0.05112  0.001087    0.0691       185       640    0.6357    0.9732    0.9728    0.8425   0.01652   0.05035 0.0008377
   289/299     11.9G   0.01722   0.05042  0.001113   0.06875       129       640    0.6378    0.9738    0.9731    0.8438   0.01652   0.05002 0.0008034
   290/299     11.9G    0.0172    0.0507  0.001127   0.06903       171       640     0.635     0.974    0.9732    0.8434   0.01655   0.05037 0.0008355
   291/299     11.9G   0.01698    0.0502  0.001064   0.06824       223       640    0.6336    0.9762    0.9739    0.8441   0.01656   0.05015 0.0008622
   292/299     11.9G   0.01696   0.04857  0.001293   0.06682       137       640    0.6378    0.9744    0.9733    0.8441   0.01659   0.05051 0.0009005
   293/299     11.9G   0.01711   0.05039   0.00122   0.06871       148       640    0.6396    0.9743    0.9736    0.8432   0.01652   0.05025 0.0009087
   294/299     11.9G   0.01719   0.05075  0.001159    0.0691       155       640     0.641    0.9727    0.9739    0.8448    0.0165   0.05005   0.00089
   295/299     11.9G   0.01698   0.04946 0.0009462    0.0674       132       640    0.6346    0.9747    0.9748    0.8455   0.01642   0.04992  0.000861
   296/299     11.9G   0.01706   0.05017  0.001033   0.06826       138       640     0.635    0.9742    0.9755    0.8471    0.0164   0.04975 0.0008867
   297/299     11.9G   0.01711   0.04997    0.0011   0.06818       171       640    0.6436    0.9741    0.9751    0.8473   0.01638   0.04931 0.0009868
   298/299     11.9G   0.01716   0.05017  0.001098   0.06843       180       640    0.6476    0.9763     0.975     0.846   0.01638   0.04955  0.001011
   299/299     11.9G   0.01704   0.05026  0.001053   0.06836       165       640    0.6459     0.976    0.9749    0.8447   0.01634   0.04955  0.001028
