     0/299     11.7G   0.09656    0.1385   0.05148    0.2865       155       640         0         0  0.001664 0.0002656   0.07068    0.1313   0.05006
     1/299     11.5G   0.08235    0.1545   0.04965    0.2865       257       640         0         0  0.001834 0.0003282   0.07034    0.1295   0.04831
     2/299     11.5G   0.08086    0.1551   0.04878    0.2847       191       640         0         0   0.01009  0.001869    0.0693    0.1232   0.04828
     3/299     11.8G   0.07839    0.1523   0.04823    0.2789       233       640   0.03008   0.01494    0.0161  0.003129   0.06976    0.1193   0.04994
     4/299     11.8G   0.07568    0.1512   0.04735    0.2742       162       640   0.03193   0.08217   0.02174  0.004175   0.06744    0.1172     0.048
     5/299     11.8G    0.0742    0.1528   0.04705     0.274       179       640    0.1384   0.03453   0.04763    0.0111   0.06451    0.1149   0.04754
     6/299     11.8G   0.07224    0.1529   0.04701    0.2721       186       640    0.1057   0.06181   0.05245   0.01333   0.06155    0.1186   0.04701
     7/299     11.8G     0.068    0.1515   0.04683    0.2664       134       640    0.1769    0.1159   0.07383   0.02163   0.05806    0.1229   0.04723
     8/299     11.8G   0.06632    0.1521   0.04629    0.2647       158       640    0.1309    0.2142   0.09401   0.02871   0.05931    0.1276    0.0479
     9/299     11.8G   0.06446    0.1616   0.04588     0.272       250       640    0.1922    0.2484    0.1238   0.03997   0.05584    0.1206   0.04586
    10/299     11.8G   0.06378    0.1519   0.04464    0.2603       178       640    0.2132    0.2453    0.1768   0.06821   0.05254    0.1244   0.04544
    11/299     11.8G   0.06125    0.1552   0.04505    0.2615       162       640    0.1825    0.2712    0.1813   0.07066   0.05273    0.1174   0.04504
    12/299     12.1G   0.05963    0.1514   0.04445    0.2554       157       640    0.2233    0.2684    0.1543   0.05176   0.05344     0.118   0.04708
    13/299     12.1G   0.05841    0.1571   0.04298    0.2585       198       640    0.1499     0.488    0.2078   0.08836   0.05205    0.1219   0.04483
    14/299     12.1G   0.05761    0.1534   0.04348    0.2545       220       640    0.1784     0.401    0.1683   0.06935   0.05066    0.1251   0.04678
    15/299     12.1G   0.05733    0.1488   0.04328    0.2494       221       640     0.166    0.5439    0.2567    0.1109   0.04799    0.1194   0.04644
    16/299     12.1G   0.05552    0.1484   0.04259    0.2465       147       640     0.128    0.5449    0.2227   0.07622   0.04945    0.1239   0.04417
    17/299     12.1G   0.05518    0.1431   0.04175      0.24       164       640    0.2041    0.4759    0.2932    0.1183   0.04785    0.1137   0.04796
    18/299     12.1G   0.05548    0.1403   0.04196    0.2377       169       640    0.0929    0.6316    0.2194   0.09376   0.04822    0.1562    0.0439
    19/299     12.1G   0.05466    0.1488   0.04097    0.2444       179       640    0.2169    0.5573    0.3445    0.1632   0.04663    0.1106   0.04362
    20/299     12.1G   0.05272     0.147    0.0403      0.24       171       640    0.1652     0.581    0.3307    0.1606   0.04487    0.1174   0.04165
    21/299     12.1G   0.05136    0.1482   0.03975    0.2393       201       640    0.1504    0.6703    0.3487    0.1734   0.04413    0.1215   0.04033
    22/299     12.1G   0.05186    0.1455   0.03936    0.2367       180       640    0.1778    0.6432    0.3687    0.1828    0.0449    0.1203   0.04111
    23/299     12.1G   0.04928    0.1465   0.03926     0.235       187       640    0.1932    0.6315    0.3795    0.1852   0.04277    0.1133   0.04185
    24/299     12.1G   0.04949    0.1413   0.03847    0.2293       180       640    0.2832    0.5282    0.3354    0.1745   0.04423    0.1086   0.04084
    25/299     12.1G   0.04915     0.143   0.03768    0.2298       207       640    0.2635    0.6266     0.362    0.1978   0.04164    0.1051   0.04072
    26/299     12.1G   0.04854    0.1398   0.03809    0.2264       182       640     0.197    0.6074    0.3723    0.1826   0.04243    0.1136   0.04208
    27/299     12.1G   0.04735    0.1397   0.03675    0.2238       126       640    0.1785    0.6726    0.3621    0.1951   0.04043    0.1139   0.03851
    28/299     12.1G   0.04728    0.1422   0.03701    0.2265       180       640    0.1917    0.6857    0.3819    0.2008   0.04109    0.1083   0.03942
    29/299     12.1G   0.04697    0.1365   0.03575    0.2192       141       640    0.2476    0.6528    0.4087    0.2207   0.04051    0.1047   0.03918
    30/299     12.1G   0.04611    0.1351   0.03541    0.2166       132       640    0.2552    0.6819     0.409    0.2314   0.03942    0.1054   0.03832
    31/299     12.1G   0.04731    0.1345   0.03544    0.2173       212       640    0.2301    0.7083    0.4389    0.2418    0.0397     0.105   0.03784
    32/299     12.1G   0.04623    0.1374   0.03515    0.2188       256       640    0.2534    0.7127    0.4328    0.2411   0.03948    0.1049    0.0377
    33/299     12.1G   0.04487    0.1331   0.03507     0.213       178       640    0.2398    0.6855    0.4695    0.2676   0.03857    0.1015   0.03809
    34/299     12.1G   0.04492     0.131   0.03362    0.2095       202       640    0.2902    0.6657    0.4451    0.2638   0.03877    0.1037   0.03802
    35/299     12.1G   0.04554     0.132   0.03459    0.2121       227       640    0.2335    0.7191    0.4755    0.2631   0.03899    0.1071   0.03544
    36/299     12.1G    0.0449    0.1292   0.03316    0.2073       150       640    0.3042    0.6895    0.4819    0.2749   0.03931    0.1006    0.0354
    37/299     12.1G   0.04445    0.1276   0.03394     0.206       177       640    0.2873    0.7424    0.5231    0.3023    0.0378    0.1021   0.03397
    38/299     12.1G   0.04402    0.1294   0.03256     0.206       133       640    0.2469    0.6743     0.465    0.2737   0.03865    0.1022   0.04224
    39/299     12.1G   0.04327     0.129   0.03156    0.2038       162       640    0.2556    0.7164     0.496    0.2732   0.03832    0.1029   0.03584
    40/299     12.1G   0.04339     0.127    0.0313    0.2017       170       640    0.2597    0.6757    0.4805    0.2758   0.03808    0.1052   0.03702
    41/299     12.1G   0.04352    0.1263   0.03249    0.2023       240       640    0.2244    0.7827    0.5337    0.3062   0.03801    0.1023   0.03439
    42/299     12.1G   0.04285    0.1223   0.03143    0.1966       187       640    0.2632    0.7472    0.5379    0.3167   0.03702   0.09909   0.03278
    43/299     12.1G   0.04319    0.1252   0.02925    0.1977       173       640    0.2487    0.7387    0.5248     0.301   0.03872    0.1019   0.03492
    44/299     12.1G   0.04249    0.1243   0.03025    0.1971       161       640    0.2663    0.7372    0.5533    0.3252   0.03783   0.09978   0.03512
    45/299     12.1G   0.04366    0.1247    0.0288    0.1972       146       640     0.256    0.7653    0.5524    0.3308   0.03701    0.1013    0.0321
    46/299     12.1G   0.04289     0.126    0.0279    0.1968       199       640    0.2483    0.7623    0.5355    0.3104   0.03856     0.101   0.03337
    47/299     12.1G   0.04138    0.1218   0.02777     0.191       236       640     0.338    0.6742    0.5243    0.3044   0.03782   0.09785   0.03479
    48/299     12.1G   0.04164    0.1224   0.02773    0.1918       150       640    0.2752    0.7972    0.5937    0.3559   0.03725   0.09756   0.03121
    49/299     12.1G   0.04198    0.1218   0.02679    0.1906       152       640    0.2484    0.7696    0.5438     0.317   0.03717    0.1005   0.03202
    50/299     12.1G   0.04195    0.1244   0.02731    0.1937       199       640    0.3047     0.703    0.5225    0.3094   0.03715    0.1029   0.03944
    51/299     12.1G   0.04087    0.1202   0.02743    0.1885       249       640    0.2077    0.7972     0.566    0.3264   0.03715     0.108   0.03425
    52/299     12.1G   0.04119    0.1212   0.02697    0.1894       199       640    0.2961    0.7698     0.602    0.3564    0.0375   0.09677   0.02984
    53/299     12.1G   0.04181    0.1223   0.02451    0.1886       185       640    0.2213     0.835    0.6226    0.3733   0.03594    0.1083   0.02645
    54/299     12.1G   0.04156    0.1221   0.02571    0.1894       165       640    0.2537    0.8169    0.5871     0.354   0.03652    0.1047   0.03046
    55/299     12.1G   0.04015     0.119   0.02406    0.1832       175       640    0.2598    0.8336    0.6142    0.3627   0.03604    0.1033   0.02788
    56/299     12.1G   0.04041    0.1225   0.02511     0.188       173       640    0.2374    0.8232    0.6038    0.3604   0.03661    0.1027    0.0273
    57/299     12.1G   0.04086    0.1192   0.02316    0.1832       128       640    0.3051    0.7701    0.5901    0.3431   0.03681       0.1   0.03129
    58/299     12.1G   0.04023    0.1172   0.02381    0.1813       237       640    0.3141    0.7966    0.5651    0.3417   0.03589   0.09997   0.03294
    59/299     12.1G   0.04011     0.119   0.02316    0.1823       213       640    0.3385    0.7712    0.6325    0.3871   0.03617    0.0955   0.02723
    60/299     12.1G   0.04015    0.1227   0.02218    0.1851       180       640    0.2675     0.786    0.6157    0.3627   0.03685   0.09938   0.02799
    61/299     12.1G   0.03967    0.1187   0.02191    0.1802       199       640    0.2177    0.8571    0.6084    0.3638   0.03593    0.1106   0.02906
    62/299     12.1G   0.03971     0.121   0.02163    0.1823       169       640    0.3017    0.8061    0.6111    0.3659   0.03674   0.09929   0.02934
    63/299     12.1G   0.04002    0.1192   0.02051    0.1797       187       640    0.2292    0.7982    0.5949    0.3361   0.03785    0.1033   0.02636
    64/299     12.1G   0.04002    0.1186   0.02068    0.1793       189       640    0.3108    0.7817     0.624    0.3841   0.03545   0.09671   0.02613
    65/299     12.1G   0.03984    0.1125   0.02061    0.1729       166       640    0.2784    0.8384    0.6379    0.3996   0.03542   0.09912   0.03053
    66/299     12.1G   0.03955    0.1147   0.01968    0.1739       119       640    0.3404    0.7904    0.6433    0.3824   0.03622   0.09534    0.0326
    67/299     12.1G   0.03913    0.1184   0.01911    0.1767       174       640    0.3373    0.7594    0.6015    0.3691   0.03567    0.1029   0.03689
    68/299     12.1G   0.03953    0.1145   0.01954    0.1736       152       640    0.3202    0.8002    0.6385    0.3941   0.03617   0.09576   0.02766
    69/299     12.1G   0.03925    0.1143   0.01776    0.1714       169       640    0.2913     0.842    0.6511    0.4104   0.03491   0.09708   0.03005
    70/299     12.1G   0.03926    0.1155   0.01878    0.1735       177       640    0.3049     0.787     0.556    0.3472   0.03552    0.1062   0.05007
    71/299     12.1G   0.03828    0.1134   0.01763    0.1693       253       640    0.3058    0.8151    0.6761    0.4243   0.03448   0.09662   0.02368
    72/299     12.1G    0.0382    0.1157   0.01683    0.1707       248       640    0.3475    0.8031     0.671    0.4235   0.03488   0.09575   0.02569
    73/299     12.1G   0.03818    0.1152   0.01838    0.1717       177       640    0.2936    0.8138    0.6399    0.4042   0.03515    0.0985   0.02397
    74/299     12.1G     0.039    0.1133   0.01796    0.1703       184       640    0.3897    0.7794    0.6812    0.4277   0.03485   0.09596   0.02391
    75/299     12.1G   0.03775    0.1119   0.01636     0.166       195       640    0.3061    0.7998    0.6196     0.389   0.03537   0.09798   0.03609
    76/299     12.1G    0.0389    0.1114   0.01649    0.1668       179       640    0.3323    0.8203    0.6566    0.4177   0.03472   0.09469   0.02702
    77/299     12.1G   0.03812     0.112   0.01638    0.1665       167       640     0.324    0.8174    0.6616     0.407   0.03475   0.09564   0.02912
    78/299     12.1G   0.03868    0.1111   0.01508    0.1649       191       640    0.3277    0.8352    0.6962    0.4376   0.03457   0.09723   0.02312
    79/299     12.1G   0.03849    0.1104   0.01425    0.1631       177       640    0.2723    0.8438    0.6824    0.4232   0.03417     0.101   0.02605
    80/299     12.1G   0.03723    0.1112   0.01509    0.1635       249       640    0.3086    0.8302    0.6578    0.4114   0.03482   0.09659   0.03538
    81/299     12.1G   0.03654    0.1114   0.01457    0.1626       197       640     0.352    0.8123    0.6663     0.432   0.03434   0.09512    0.0268
    82/299     12.1G   0.03734     0.111   0.01435    0.1627       152       640    0.3256    0.8294    0.6623    0.4221   0.03426   0.09898    0.0248
    83/299     12.1G   0.03746    0.1107   0.01394    0.1621       179       640    0.2819    0.8118    0.6163    0.3826   0.03497   0.09979   0.03456
    84/299     12.1G   0.03666    0.1088   0.01451    0.1599       167       640    0.3201    0.8239    0.6845    0.4362   0.03409   0.09815   0.02582
    85/299     12.1G   0.03625    0.1084   0.01471    0.1593       150       640    0.3131    0.8231    0.6586    0.4207   0.03442   0.09673   0.02789
    86/299     12.1G   0.03655    0.1098   0.01244    0.1588       276       640    0.2874      0.84    0.6911    0.4482   0.03403    0.0963     0.027
    87/299     12.1G   0.03696    0.1071   0.01211    0.1562       212       640    0.3782    0.8158    0.6939    0.4443   0.03471   0.09592   0.02195
    88/299     12.1G   0.03687    0.1034   0.01211    0.1524       113       640    0.3754    0.8202    0.6896    0.4454   0.03379   0.09374   0.02366
    89/299     12.1G   0.03634    0.1039   0.01323    0.1535       212       640    0.4574    0.7185    0.6537    0.4176   0.03409   0.09821   0.02806
    90/299     12.1G   0.03706     0.107   0.01378    0.1578       171       640    0.2867     0.817    0.6314    0.4008   0.03456    0.1025   0.04344
    91/299     12.1G   0.03594    0.1076   0.01318    0.1567       185       640    0.2824    0.8377    0.6509    0.4149   0.03415    0.1018   0.02663
    92/299     12.1G     0.036     0.108   0.01308    0.1571       170       640    0.3421    0.8364    0.7047    0.4536   0.03363   0.09654   0.02352
    93/299     12.1G   0.03571    0.1062   0.01164    0.1536       204       640    0.3632    0.7923    0.6854    0.4321   0.03479   0.09787   0.02747
    94/299     12.1G   0.03578    0.1054   0.01329    0.1545       195       640    0.3535    0.7929    0.6798    0.4342   0.03432   0.09788   0.02374
    95/299     12.1G   0.03565     0.105   0.01153    0.1522       228       640     0.341    0.8172    0.6638    0.4205   0.03477   0.09675   0.02729
    96/299     12.1G   0.03683    0.1051   0.01115    0.1531       181       640    0.3132    0.7937    0.6422    0.4139   0.03435   0.09838   0.03362
    97/299     12.1G   0.03537    0.1006   0.01114    0.1471       198       640    0.3331    0.8302    0.6659    0.4271   0.03355   0.09838   0.03244
    98/299     12.1G   0.03579    0.1043   0.01127    0.1514       177       640    0.3036    0.8233      0.68    0.4382   0.03406   0.09791   0.03022
    99/299     12.1G   0.03469    0.1005   0.01187     0.147       168       640    0.3254    0.7937    0.6177    0.4001   0.03385   0.09937   0.04059
   100/299     12.1G    0.0351     0.103   0.01067    0.1488       150       640    0.3294    0.8327    0.7093    0.4613   0.03375   0.09802   0.02027
   101/299     12.1G   0.03475    0.1026   0.01122    0.1485       242       640    0.3797    0.8071    0.7078    0.4585    0.0344   0.09709   0.02018
   102/299     12.1G   0.03486    0.1009   0.01052    0.1463       143       640    0.4092    0.8001    0.6954    0.4551   0.03352    0.0982     0.021
   103/299     12.1G   0.03443    0.1015   0.01125    0.1472       209       640    0.3338    0.8289    0.6862    0.4471   0.03338   0.09894   0.02697
   104/299     12.1G   0.03538    0.1037   0.01035    0.1495       190       640    0.3431    0.8235    0.6976    0.4483   0.03377   0.09674   0.02246
   105/299     12.1G   0.03502   0.09964   0.00979    0.1445       160       640    0.3385    0.8272    0.6896    0.4475   0.03377     0.097   0.02688
   106/299     12.1G   0.03445     0.101  0.009949    0.1454       185       640    0.4217    0.7972    0.7152    0.4546   0.03461   0.09864   0.01975
   107/299     12.1G   0.03401   0.09884  0.009438    0.1423       191       640    0.3348    0.8402    0.6658    0.4312   0.03306     0.101   0.02585
   108/299     12.1G   0.03422    0.1009  0.009309    0.1444       169       640    0.3989    0.8234     0.727    0.4687   0.03345   0.09552   0.02126
   109/299     12.1G   0.03409   0.09815   0.00773      0.14       172       640    0.3512    0.8399    0.7022    0.4579   0.03296   0.09662   0.02245
   110/299     12.1G   0.03397   0.09543  0.009971    0.1394       112       640    0.3849    0.8061    0.7118    0.4602    0.0338   0.09825   0.02266
   111/299     12.1G   0.03322   0.09758  0.008854    0.1397       186       640    0.3783    0.8085    0.7182    0.4705   0.03321   0.09809   0.02027
   112/299     12.1G   0.03417   0.09713  0.008633    0.1399       119       640    0.3756    0.8153    0.6885    0.4514   0.03345   0.09658   0.03009
   113/299     12.1G   0.03397   0.09984  0.008961    0.1428       195       640    0.3221    0.8303    0.7086    0.4582   0.03334    0.0986   0.02114
   114/299     12.1G   0.03433   0.09621  0.008531    0.1391       157       640     0.351     0.806    0.6924    0.4456    0.0336   0.09898   0.02084
   115/299     12.1G   0.03349   0.09697  0.008386    0.1389       177       640    0.2998    0.8401    0.7019    0.4592   0.03271    0.1001   0.02199
   116/299     12.1G   0.03389   0.09274  0.007638    0.1343       192       640    0.3566    0.8448    0.7256    0.4745    0.0327   0.09736   0.02128
   117/299     12.1G   0.03328   0.09793  0.007317    0.1385       188       640     0.355    0.8375    0.7193    0.4684   0.03243       0.1   0.02077
   118/299     12.1G   0.03411   0.09312  0.007653    0.1349       220       640     0.382    0.8371    0.7029     0.459    0.0331   0.09704   0.02321
   119/299     12.1G   0.03281   0.09385  0.007664    0.1343       222       640    0.4231    0.7545    0.6758    0.4356   0.03405    0.1011    0.0268
   120/299     12.1G   0.03381   0.09694  0.007318    0.1381       196       640    0.3765     0.827    0.7098    0.4712   0.03308    0.0987   0.02112
   121/299     12.1G   0.03264   0.09468  0.007762    0.1351       162       640    0.4047    0.8091    0.7071    0.4652   0.03324    0.0977   0.02493
   122/299     12.1G   0.03287   0.09381  0.007723    0.1344       170       640    0.3524    0.8296    0.7267    0.4778   0.03273   0.09789   0.02218
   123/299     12.1G   0.03327   0.09494  0.007426    0.1356       144       640    0.3612    0.8191    0.7063    0.4637   0.03296   0.09742   0.02506
   124/299     12.1G   0.03276   0.09459  0.006932    0.1343       202       640    0.3554     0.815    0.7209    0.4751   0.03309   0.09957   0.02086
   125/299     12.1G   0.03282   0.09605  0.006488    0.1354       174       640    0.3728    0.8326    0.7144    0.4681    0.0328   0.09939   0.02701
   126/299     12.1G   0.03226   0.09288  0.006966    0.1321       206       640    0.3356    0.8033    0.6723    0.4528   0.03247    0.1002   0.02776
   127/299     12.1G   0.03328   0.09495  0.006711    0.1349       134       640    0.3524     0.832    0.7191    0.4763   0.03225   0.09864   0.02129
   128/299     12.1G   0.03286    0.0948  0.006795    0.1345       173       640    0.3279    0.8446    0.7098     0.467   0.03259    0.1001   0.02264
   129/299     12.1G   0.03202   0.09327  0.006283    0.1316       167       640      0.36    0.8104     0.706    0.4705   0.03308    0.1004    0.0217
   130/299     12.1G   0.03174   0.09134  0.006997    0.1301       117       640    0.3988    0.8132    0.7062    0.4688   0.03291    0.1001   0.02477
   131/299     12.1G   0.03176   0.09249  0.006309    0.1306       174       640    0.3922    0.8028     0.719    0.4743   0.03304    0.1005   0.02232
   132/299     12.1G   0.03279   0.09385  0.006173    0.1328       152       640    0.4182    0.8137    0.7341    0.4852   0.03308   0.09939   0.02099
   133/299     12.1G   0.03191   0.09298  0.006247    0.1311       201       640    0.3774      0.82    0.7314    0.4824   0.03289    0.1002   0.02344
   134/299     12.1G    0.0319   0.09136  0.006595    0.1299       138       640      0.37    0.8303    0.7299    0.4788   0.03248   0.09977   0.02326
   135/299     12.1G   0.03153   0.09219  0.006737    0.1305       172       640    0.3353     0.852    0.7227    0.4723   0.03244    0.1015   0.02158
   136/299     12.1G   0.03138   0.09062  0.005849    0.1278       163       640    0.3707    0.8209    0.7201    0.4754   0.03252       0.1   0.02078
   137/299     12.1G   0.03174   0.09083   0.00605    0.1286       182       640    0.3793    0.8128    0.6945    0.4663   0.03262    0.1017   0.02478
   138/299     12.1G     0.032   0.09067  0.005433    0.1281       157       640    0.3558    0.8385    0.7196    0.4802     0.032   0.09843   0.02028
   139/299     12.1G   0.03123   0.09323  0.005797    0.1302       242       640    0.3428    0.8373    0.7093    0.4677   0.03254    0.1012   0.02336
   140/299     12.1G   0.03045   0.09133  0.005735    0.1275       148       640    0.3794    0.8299    0.7348    0.4807   0.03273   0.09998   0.01821
   141/299     12.1G   0.03114   0.09089  0.006436    0.1285       174       640    0.4421    0.7904    0.7105    0.4755   0.03332    0.1003   0.02192
   142/299     12.1G   0.03023   0.08666  0.005642    0.1225       168       640    0.3904     0.812    0.7138    0.4774   0.03215    0.0991    0.0228
   143/299     12.1G   0.03076   0.09161  0.006035    0.1284       188       640    0.3903    0.7982    0.7125    0.4728    0.0326    0.1007   0.02277
   144/299     12.1G    0.0311   0.09218  0.005463    0.1287       207       640    0.4059    0.8017    0.7087    0.4829   0.03256    0.1023   0.02105
   145/299     12.1G   0.03106   0.08815  0.005142    0.1243       170       640    0.3425     0.835    0.7164    0.4753     0.032    0.1029    0.0223
   146/299     12.1G   0.03047   0.08791  0.005972    0.1244       171       640    0.4256    0.8038    0.7093    0.4689   0.03332    0.1001   0.02408
   147/299     12.1G   0.03011   0.08768   0.00618     0.124       184       640    0.3887    0.8212    0.7174    0.4754   0.03266    0.1007   0.02524
   148/299     12.1G   0.03035   0.08727  0.004995    0.1226       209       640    0.3562    0.8424    0.7035    0.4705   0.03193    0.1006   0.02459
   149/299     12.1G   0.03029   0.08736  0.005582    0.1232       138       640    0.3953    0.8279    0.7165    0.4722   0.03236    0.1005   0.02562
   150/299     12.1G   0.03042   0.08729  0.005238     0.123       196       640    0.4202    0.8297    0.7412    0.4879   0.03254   0.09961   0.01938
   151/299     12.1G   0.02987   0.08604  0.005055     0.121       141       640    0.4074    0.8084    0.7198    0.4794   0.03213   0.09811   0.02624
   152/299     12.1G   0.02986   0.08588  0.005795    0.1215       210       640    0.3671     0.825    0.7105    0.4677   0.03246    0.1016     0.022
   153/299     12.1G   0.02989   0.08731  0.004978    0.1222       165       640    0.4057    0.8058    0.7138    0.4808   0.03279    0.1006   0.02148
   154/299     12.1G    0.0302   0.08426  0.005778    0.1202       153       640    0.4386    0.7948    0.7073    0.4713    0.0334    0.1029   0.02305
   155/299     12.1G   0.02986   0.08647   0.00537    0.1217       138       640    0.3957    0.8294    0.7333    0.4892   0.03219    0.1014   0.01905
   156/299     12.1G   0.02961   0.08654  0.005203    0.1213       170       640    0.4371    0.8062    0.7248    0.4822   0.03241    0.1014   0.02239
   157/299     12.1G   0.02997   0.08182  0.005774    0.1176       139       640    0.3895    0.8239    0.7104    0.4737   0.03246    0.1025   0.02579
   158/299     12.1G   0.02949   0.08606   0.00514    0.1207       238       640    0.3801    0.8273    0.7283     0.483    0.0319    0.1016   0.02336
   159/299     12.1G   0.02945   0.08602  0.005272    0.1207       156       640    0.4246    0.8062    0.7154     0.482   0.03234    0.1019    0.0239
   160/299     12.1G   0.02957    0.0834  0.004829    0.1178       175       640    0.3832    0.8258    0.7166    0.4801   0.03205     0.102   0.02412
   161/299     12.1G   0.02945   0.08399  0.005029    0.1185       138       640    0.3802    0.8296    0.7197    0.4829    0.0322    0.0977   0.02219
   162/299     12.1G   0.02933    0.0843  0.005199    0.1188       154       640    0.4061    0.8229    0.7365    0.4982   0.03212    0.1026   0.01971
   163/299     12.1G   0.02928   0.08368  0.004911    0.1179       225       640     0.423    0.8118    0.7288    0.4854   0.03261    0.1003   0.02212
   164/299     12.1G   0.02907   0.08478  0.004545    0.1184       208       640    0.3672    0.8303    0.7095    0.4714    0.0322    0.1036    0.0244
   165/299     12.1G   0.02922   0.08234  0.005277    0.1168       236       640    0.4038     0.827    0.7373     0.498   0.03208    0.1015   0.02141
   166/299     12.1G   0.02917   0.08103  0.004567    0.1148       124       640    0.3921     0.836    0.7438     0.492   0.03223    0.1013   0.02297
   167/299     12.1G   0.02913   0.08199  0.004128    0.1152       156       640    0.3708    0.8199    0.7217    0.4771   0.03249    0.1042   0.02266
   168/299     12.1G   0.02859   0.08289   0.00472    0.1162       158       640    0.4026    0.8285    0.7373     0.494   0.03193     0.102   0.01996
   169/299     12.1G   0.02868   0.08339   0.00455    0.1166       159       640    0.4017    0.8266     0.734    0.4957   0.03199    0.1023   0.02148
   170/299     12.1G   0.02908   0.08282  0.004399    0.1163       199       640    0.3649    0.8336    0.7057    0.4748   0.03223    0.1024   0.02549
   171/299     12.1G   0.02855   0.08121  0.003972    0.1137       159       640    0.4184    0.8294    0.7409    0.4959    0.0324    0.1032   0.01984
   172/299     12.1G   0.02831   0.07993  0.004094    0.1123       162       640    0.4123     0.787    0.7143     0.484   0.03283    0.1051   0.02576
   173/299     12.1G    0.0286   0.08161  0.004647    0.1149       165       640    0.3904    0.8228    0.7042    0.4748   0.03239     0.106   0.02883
   174/299     12.1G   0.02795   0.08123  0.004784     0.114       127       640    0.3798    0.8167    0.7062    0.4696   0.03228    0.1029   0.02678
   175/299     12.1G   0.02821    0.0819  0.004121    0.1142       185       640    0.4358    0.8088     0.727    0.4836    0.0323    0.1027    0.0223
   176/299     12.1G    0.0283   0.07815  0.004784    0.1112       205       640    0.4226    0.8037     0.711     0.477   0.03236    0.1032   0.02406
   177/299     12.1G   0.02825   0.07932  0.004319    0.1119       187       640    0.4409     0.807    0.7226    0.4793   0.03267    0.1024   0.02265
   178/299     12.1G   0.02777    0.0796   0.00433    0.1117       271       640    0.4404      0.82    0.7309    0.4963   0.03229    0.1017   0.02226
   179/299     12.1G   0.02789   0.08144  0.003931    0.1133       150       640    0.3573    0.8382    0.7131    0.4839   0.03183    0.1039   0.02475
   180/299     12.1G   0.02816   0.08107  0.004214    0.1134       217       640    0.4238    0.8009    0.7121    0.4864   0.03227    0.1035   0.02313
   181/299     12.1G   0.02771   0.08002  0.004098    0.1118       219       640    0.4063    0.8115    0.7098     0.481    0.0322    0.1056   0.02047
   182/299     12.1G   0.02764   0.07922     0.005    0.1119       152       640    0.3768    0.8189    0.7184     0.482   0.03205    0.1048   0.02286
   183/299     12.1G   0.02734   0.07892  0.004572    0.1108       221       640    0.4159    0.8111    0.7213    0.4864    0.0324    0.1059   0.02295
   184/299     12.1G   0.02758   0.07809  0.004285    0.1099       200       640    0.4123    0.8161    0.7317    0.4899   0.03239    0.1055   0.02369
   185/299     12.1G   0.02778   0.07888  0.003745    0.1104       174       640    0.4701    0.7961    0.7244    0.4899   0.03259    0.1071   0.02284
   186/299     12.1G   0.02722   0.07917  0.004232    0.1106       251       640    0.4134    0.8034    0.7206    0.4912   0.03236    0.1064   0.02597
   187/299     12.1G   0.02739   0.07838  0.004109    0.1099       163       640    0.4434    0.7984     0.709    0.4808   0.03255    0.1046   0.02701
   188/299     12.1G   0.02747   0.07994  0.003905    0.1113       200       640    0.4324    0.8022    0.7203    0.4921   0.03196    0.1022   0.02185
   189/299     12.1G   0.02718   0.07678  0.003603    0.1076       190       640    0.3964    0.8159    0.7217    0.4914   0.03197    0.1051   0.02008
   190/299     12.1G   0.02735   0.07836  0.003807    0.1095       228       640    0.4051    0.8055     0.714    0.4888   0.03202    0.1061   0.02402
   191/299     12.1G   0.02744   0.07856  0.003243    0.1092       186       640    0.4256    0.7941    0.7184    0.4872   0.03228    0.1075    0.0237
   192/299     12.1G   0.02712   0.07876  0.003326    0.1092       168       640    0.4338    0.8009    0.7243    0.4846   0.03237    0.1056   0.02167
   193/299     12.1G   0.02688   0.07797  0.003677    0.1085       181       640    0.4401    0.7986     0.718     0.483   0.03259    0.1074   0.02019
   194/299     12.1G   0.02648   0.07533  0.003826    0.1056       163       640    0.4041    0.8099    0.7229    0.4934   0.03222     0.105   0.02511
   195/299     12.1G   0.02664   0.07854   0.00357    0.1087       156       640    0.4044    0.8101     0.714    0.4798   0.03194     0.106   0.02442
   196/299     12.1G   0.02614    0.0757  0.003813    0.1057       195       640    0.4335    0.7856    0.7135    0.4812   0.03244    0.1072   0.02279
   197/299     12.1G   0.02654    0.0765   0.00329    0.1063       217       640    0.4187    0.7913    0.7192     0.485   0.03227    0.1083   0.02131
   198/299     12.1G   0.02636   0.07699  0.003817    0.1072       143       640    0.4232    0.7903    0.7008    0.4788   0.03221    0.1082   0.02774
   199/299     12.1G    0.0265   0.07492  0.003243    0.1047       212       640     0.448    0.7799    0.7043    0.4798   0.03253    0.1084   0.02549
   200/299     12.1G   0.02633   0.07747  0.003184     0.107       191       640    0.4128    0.8211    0.7214    0.4858   0.03177    0.1044   0.02435
   201/299     12.1G   0.02595   0.07573  0.003505    0.1052       161       640    0.4506    0.8029    0.7269    0.4924   0.03253    0.1074   0.02398
   202/299     12.1G   0.02608   0.07441  0.003809    0.1043       188       640    0.4302    0.8008    0.7184    0.4846   0.03232    0.1061   0.02522
   203/299     12.1G   0.02648   0.07369  0.003237    0.1034       150       640    0.4274    0.8116     0.727    0.4933   0.03193    0.1054   0.02327
   204/299     12.1G   0.02585   0.07589  0.002973    0.1047       175       640    0.4463    0.8007    0.7222    0.4946   0.03213    0.1086   0.02479
   205/299     12.1G   0.02643    0.0725  0.003333    0.1023       133       640    0.4691     0.802    0.7306    0.4973   0.03212    0.1081   0.02382
   206/299     12.1G   0.02611   0.07258  0.003409    0.1021       229       640    0.4342     0.786    0.7049    0.4781   0.03214    0.1063   0.02778
   207/299     12.1G   0.02614   0.07337  0.003273    0.1028       224       640    0.4079    0.8216    0.7376    0.5035   0.03159    0.1066   0.02259
   208/299     12.1G   0.02572   0.07363  0.003352    0.1027       225       640    0.4566    0.8056    0.7317    0.4978    0.0326    0.1061     0.022
   209/299     12.1G   0.02587   0.07527   0.00324    0.1044       209       640    0.4392    0.8059     0.726    0.4955   0.03235    0.1065   0.02412
   210/299     12.1G   0.02561   0.07399  0.003615    0.1032       196       640    0.4503    0.8163    0.7354    0.4976   0.03231    0.1057   0.02108
   211/299     12.1G   0.02541    0.0727  0.003262    0.1014       121       640    0.4456    0.7931    0.7313    0.4986   0.03288    0.1071   0.02107
   212/299     12.1G   0.02496   0.07413  0.003134    0.1022       212       640    0.4167    0.8187    0.7272    0.4956   0.03202    0.1068   0.02451
   213/299     12.1G   0.02583   0.07217  0.002913    0.1009       183       640    0.4167    0.8045    0.7252      0.49   0.03239    0.1083   0.02533
   214/299     12.1G   0.02519   0.07326  0.002742    0.1012       191       640     0.459    0.7997    0.7293    0.4927   0.03235     0.108   0.02189
   215/299     12.1G   0.02522   0.07351  0.003123    0.1019       142       640    0.4482    0.8105    0.7307    0.4956   0.03213    0.1099   0.02165
   216/299     12.1G   0.02538   0.07415   0.00338    0.1029       166       640    0.4487    0.7804    0.7125    0.4846   0.03287    0.1099   0.02235
   217/299     12.1G   0.02517   0.07243   0.00316    0.1008       177       640    0.4217    0.7937    0.7189     0.488   0.03222      0.11   0.02309
   218/299     12.1G   0.02503   0.07321  0.002805    0.1011       192       640    0.4341    0.8168    0.7339    0.4984   0.03193    0.1102   0.02139
   219/299     12.1G   0.02534   0.07282  0.003032    0.1012       156       640    0.4516    0.7993    0.7284    0.4939   0.03198    0.1105   0.02131
   220/299     12.1G   0.02515    0.0727   0.00275    0.1006       198       640    0.4477    0.8108    0.7445     0.504   0.03194    0.1088   0.01989
   221/299     12.1G   0.02512   0.07176  0.003271    0.1001       149       640    0.4283    0.8049    0.7382    0.4979   0.03195    0.1083   0.02094
   222/299     12.1G   0.02481   0.07118   0.00268   0.09867       152       640    0.4404    0.8027    0.7115    0.4785   0.03233    0.1089   0.02624
   223/299     12.1G   0.02417   0.06953  0.002922   0.09662       117       640    0.4699     0.786    0.7111    0.4803   0.03269      0.11   0.02494
   224/299     12.1G   0.02497   0.07114  0.003122   0.09922       212       640    0.4637    0.7827    0.7212    0.4943   0.03237    0.1068   0.02538
   225/299     12.1G   0.02427   0.07142  0.003121   0.09881       229       640     0.435    0.8051    0.7277    0.4898   0.03199    0.1073   0.02352
   226/299     12.1G   0.02502   0.07101  0.002842   0.09888       126       640    0.4796    0.7895    0.7232    0.4921   0.03249    0.1099    0.0239
   227/299     12.1G   0.02493   0.07082  0.002579   0.09833       205       640    0.4672    0.7951    0.7337    0.4949   0.03235    0.1094   0.02405
   228/299     12.1G   0.02378   0.07054  0.002823   0.09714       199       640    0.4261    0.8267    0.7324    0.4972   0.03155    0.1082   0.02166
   229/299     12.1G   0.02499   0.07143  0.002549   0.09897       227       640    0.4196    0.8095    0.7231    0.4902   0.03208    0.1092   0.02598
   230/299     12.1G   0.02438   0.07251  0.002812    0.0997       244       640    0.4511    0.8054    0.7324    0.4965   0.03217    0.1083    0.0214
   231/299     12.1G    0.0241   0.06709  0.002782   0.09398       185       640    0.4366    0.8107    0.7285    0.4925   0.03207    0.1094   0.02197
   232/299     12.1G    0.0246   0.06889  0.003009   0.09649       183       640    0.4235    0.8001    0.7227    0.4921   0.03187    0.1087   0.02533
   233/299     12.1G   0.02447   0.06922  0.002855   0.09654       160       640    0.4403    0.7926    0.7303    0.4976    0.0323    0.1088   0.02302
   234/299     12.1G   0.02444   0.06965  0.002648   0.09674       171       640    0.4559      0.78    0.7228    0.4891   0.03272    0.1112   0.02142
   235/299     12.1G   0.02438   0.06969  0.002937     0.097       168       640    0.4571    0.7956    0.7268    0.4958   0.03235    0.1118   0.02111
   236/299     12.1G    0.0238   0.06831   0.00311   0.09522       180       640    0.4558    0.7869    0.7255    0.4931   0.03262    0.1111   0.02259
   237/299     12.1G   0.02436   0.06803  0.002864   0.09526       185       640    0.4244    0.7941    0.7202    0.4932   0.03218    0.1096   0.02516
   238/299     12.1G   0.02373   0.06824  0.002517   0.09448       187       640    0.4533    0.7895    0.7205    0.4966   0.03202    0.1115   0.02288
   239/299     12.1G   0.02401   0.07003   0.00263   0.09667       170       640      0.45    0.7883    0.7271    0.4985   0.03235    0.1131   0.02122
   240/299     12.1G   0.02375   0.06931  0.002828   0.09588       172       640    0.4466     0.792    0.7302    0.4979   0.03243    0.1098   0.02174
   241/299     12.1G   0.02371    0.0668  0.002626   0.09314       225       640     0.442    0.8016    0.7219    0.4952   0.03239    0.1097   0.02177
   242/299     12.1G   0.02392   0.06898  0.002516   0.09542       167       640    0.4498    0.7836    0.7199    0.4971   0.03223    0.1115   0.02246
   243/299     12.1G   0.02375   0.06902  0.002633    0.0954       180       640    0.4616    0.7869    0.7283    0.4995   0.03194    0.1106   0.02214
   244/299     12.1G   0.02368   0.06623  0.002719   0.09263       168       640     0.451    0.7874     0.721    0.4955   0.03198    0.1111   0.02368
   245/299     12.1G    0.0235   0.06781  0.002725   0.09404       200       640    0.4151    0.7961    0.7168    0.4965   0.03174    0.1109   0.02372
   246/299     12.1G   0.02364   0.06607  0.002284     0.092       192       640    0.4343    0.8085    0.7313    0.5067   0.03155    0.1104   0.02111
   247/299     12.1G   0.02365   0.06714  0.002497   0.09329       149       640    0.4665    0.7809     0.725    0.4967   0.03199    0.1119   0.02195
   248/299     12.1G   0.02361   0.06692  0.002639   0.09317       242       640    0.4714    0.7896    0.7251    0.5017   0.03166    0.1134   0.02075
   249/299     12.1G   0.02356   0.06801  0.002321   0.09389       220       640    0.4579    0.7841    0.7239    0.4984   0.03185    0.1138   0.02047
   250/299     12.1G   0.02371   0.06784  0.002315   0.09387       197       640    0.4527    0.7826    0.7233    0.4984   0.03195    0.1148   0.01997
   251/299     12.1G   0.02334    0.0665  0.003016   0.09285       130       640     0.442    0.7864    0.7218    0.4981   0.03197    0.1153   0.02005
   252/299     12.1G   0.02391   0.06852  0.002192   0.09462       205       640    0.4551    0.7946    0.7273    0.5022    0.0325    0.1112   0.01975
   253/299     12.1G    0.0236   0.06827  0.002007   0.09388       205       640    0.4747    0.7907    0.7311    0.5046   0.03226    0.1105   0.02031
   254/299     12.1G    0.0233   0.06752  0.002434   0.09326       211       640    0.4474    0.7871    0.7249    0.5011   0.03232    0.1129   0.02247
   255/299     12.1G   0.02343   0.06721    0.0025   0.09314       167       640    0.4383    0.7928    0.7251    0.4984    0.0321     0.114   0.02308
   256/299     12.1G   0.02306   0.06727  0.002543   0.09287       150       640    0.4376    0.7966    0.7241    0.5007   0.03192     0.115   0.02265
   257/299     12.1G   0.02313   0.06797  0.002433   0.09353       206       640    0.4589    0.7935    0.7213    0.4977   0.03208     0.115   0.02268
   258/299     12.1G   0.02302   0.06679  0.002632   0.09244       147       640    0.4681     0.769    0.7151    0.4913   0.03257    0.1179   0.02333
   259/299     12.1G   0.02315   0.06605  0.002414   0.09161       204       640    0.4646    0.7756    0.7205    0.4965   0.03269    0.1151   0.02219
   260/299     12.1G   0.02316   0.06712  0.002393   0.09268       207       640    0.4688    0.7907    0.7267    0.4952   0.03227    0.1158   0.02119
   261/299     12.1G   0.02283   0.06781  0.002425   0.09307       162       640    0.4649    0.8018    0.7377    0.5056   0.03224    0.1136   0.02038
   262/299     12.1G   0.02336   0.06602   0.00239   0.09177       200       640    0.4712    0.7869    0.7287    0.5017   0.03246    0.1161   0.02121
   263/299     12.1G   0.02291   0.06581  0.002389    0.0911       155       640    0.4786    0.7723    0.7231    0.4972   0.03288    0.1152   0.02205
   264/299     12.1G   0.02282   0.06426  0.002287   0.08937       205       640    0.4646    0.7881    0.7233    0.4934   0.03248     0.116   0.02337
   265/299     12.1G   0.02282    0.0669  0.002545   0.09226       188       640    0.4544    0.7892    0.7228     0.493   0.03246    0.1163   0.02443
   266/299     12.1G   0.02266   0.06465   0.00249    0.0898       177       640    0.4555    0.7844    0.7156    0.4878    0.0324    0.1168    0.0235
   267/299     12.1G    0.0227    0.0639  0.002667   0.08926       209       640    0.4579    0.7881    0.7149     0.493   0.03227    0.1168    0.0234
   268/299     12.1G    0.0229   0.06304  0.002332   0.08826       139       640    0.4712    0.7693    0.7241    0.4968   0.03286    0.1174   0.02279
   269/299     12.1G   0.02302   0.06577  0.002396   0.09119       138       640    0.4586    0.7848    0.7252    0.4984   0.03258    0.1158   0.02151
   270/299     12.1G   0.02269   0.06301  0.002304   0.08801       122       640    0.4571    0.7807    0.7202    0.4922   0.03251    0.1166   0.02187
   271/299     12.1G   0.02275   0.06645  0.002454   0.09165       205       640    0.4538    0.7912    0.7242    0.4907   0.03258    0.1162   0.02162
   272/299     12.1G   0.02272   0.06355  0.002277   0.08854       211       640    0.4803    0.7935    0.7287    0.4984   0.03276    0.1165   0.02092
   273/299     12.1G   0.02237   0.06359  0.002136   0.08809       142       640    0.4887    0.7899    0.7282    0.5016   0.03252    0.1169   0.02183
   274/299     12.1G   0.02271   0.06159  0.002077   0.08637       145       640    0.4622    0.8027    0.7298    0.5045   0.03221     0.115   0.02231
   275/299     12.1G   0.02245   0.06349  0.002484   0.08843       194       640    0.4586    0.8055    0.7311    0.5048   0.03234    0.1145    0.0221
   276/299     12.1G   0.02262   0.06311  0.002169    0.0879       182       640    0.4795     0.794    0.7224    0.4919   0.03247    0.1153   0.02124
   277/299     12.1G   0.02246   0.06385  0.002266   0.08857       128       640    0.4756     0.779    0.7193    0.4942   0.03267    0.1172   0.02196
   278/299     12.1G   0.02243   0.06351  0.002046   0.08798       194       640    0.4958    0.7823    0.7232    0.4968   0.03263    0.1154   0.02184
   279/299     12.1G   0.02249   0.06495  0.002175   0.08961       149       640    0.4854    0.7773    0.7201    0.4926   0.03279    0.1172   0.02283
   280/299     12.1G   0.02262   0.06534  0.002165   0.09012       204       640    0.4717    0.7948    0.7282    0.5014   0.03229    0.1142   0.02273
   281/299     12.1G   0.02214   0.06326   0.00223   0.08763       166       640    0.4749    0.7903    0.7264     0.501    0.0325    0.1158   0.02256
   282/299     12.1G    0.0224   0.06379   0.00213   0.08833       148       640    0.4687    0.7952    0.7244    0.5018   0.03239    0.1155   0.02266
   283/299     12.1G   0.02273   0.06271  0.002276   0.08772       209       640    0.4615    0.7873    0.7245    0.5018   0.03224    0.1163   0.02348
   284/299     12.1G   0.02249   0.06255  0.002154   0.08719       130       640    0.4549     0.787    0.7182    0.4961   0.03222    0.1165   0.02435
   285/299     12.1G   0.02206   0.06373  0.001839   0.08763       141       640    0.4625    0.7876    0.7174    0.4938   0.03245    0.1154   0.02554
   286/299     12.1G   0.02264   0.06541  0.002514   0.09056       182       640    0.4626    0.7838    0.7205    0.4919    0.0326    0.1172   0.02511
   287/299     12.1G    0.0224   0.06462  0.001998   0.08902       230       640    0.4637    0.7978    0.7316    0.5039   0.03234     0.116   0.02347
   288/299     12.1G   0.02254   0.06331  0.001992   0.08784       136       640    0.4659    0.7956    0.7285    0.5041   0.03226    0.1156   0.02355
   289/299     12.1G   0.02219   0.06272   0.00181   0.08672       143       640    0.4748    0.7785    0.7286    0.5009   0.03245    0.1168   0.02339
   290/299     12.1G    0.0223   0.06088  0.002196   0.08538       166       640    0.4665    0.7879    0.7309    0.5028   0.03233    0.1155   0.02281
   291/299     12.1G   0.02236   0.06233  0.001892   0.08658       170       640    0.4819    0.7894    0.7314    0.5019   0.03249    0.1154   0.02269
   292/299     12.1G    0.0222   0.06489  0.002055   0.08914       192       640    0.4775    0.7779     0.723    0.4995    0.0326    0.1168   0.02418
   293/299     12.1G   0.02218   0.06437  0.001949   0.08851       152       640    0.4727    0.7854    0.7249    0.5012    0.0322    0.1163   0.02359
   294/299     12.1G   0.02222    0.0637  0.002219   0.08814       193       640    0.4789    0.7847    0.7203    0.4976   0.03218    0.1164   0.02399
   295/299     12.1G   0.02214   0.06381  0.002097   0.08805       171       640    0.4696    0.7895    0.7148    0.4956   0.03238    0.1171   0.02481
   296/299     12.1G   0.02164   0.06319  0.002057   0.08689       181       640    0.4536    0.7902    0.7179    0.4954   0.03204    0.1168   0.02401
   297/299     12.1G   0.02188   0.06251   0.00203   0.08642       149       640    0.4671    0.7885    0.7186    0.4983   0.03214    0.1163   0.02349
   298/299     12.1G   0.02221   0.06154  0.002077   0.08583       148       640    0.4783    0.7883    0.7219    0.4958   0.03221    0.1178   0.02206
   299/299     12.1G   0.02189   0.06335  0.001925   0.08717       191       640    0.4831    0.7651    0.7215    0.4953    0.0326    0.1196   0.02315
