     0/299     10.3G      3.84      6.25      2.94        13       116       320     0.352     0.608     0.396     0.409      2.54      2.41      1.99
     1/299     10.4G       2.8      4.06      1.47      8.33       148       352     0.529     0.789     0.693     0.618      2.14      2.07     0.831
     2/299     10.4G      2.63      3.64      1.11      7.38       106       384      0.44     0.747      0.61     0.518      2.06      2.11     0.984
     3/299     10.4G      2.46      3.69      1.06      7.21       155       640     0.378     0.778     0.587     0.462      1.86      2.33      1.52
     4/299     10.4G      2.26       3.5     0.797      6.55       155       480     0.476     0.926     0.803     0.622      1.72      1.94     0.327
     5/299     10.4G      2.14       3.2     0.702      6.04       155       544     0.512     0.904     0.804     0.652       1.7      1.83     0.351
     6/299     10.4G      2.04      3.11     0.577      5.72       172       576     0.557      0.92     0.835     0.691      1.51      1.72      0.28
     7/299     10.4G      1.97      3.17      0.55      5.68       163       576      0.45     0.929     0.766     0.597      1.48      1.86     0.352
     8/299     10.4G       1.9      2.88     0.463      5.24       137       640     0.618     0.938      0.88     0.741      1.44      1.58     0.199
     9/299     10.4G      1.88      3.01     0.471      5.36       136       608     0.472     0.966     0.844     0.628      1.42      1.82     0.134
    10/299     10.4G      1.82      2.81     0.409      5.04       122       320     0.574     0.953     0.867     0.712      1.34      1.57     0.176
    11/299     10.4G      1.79      2.71     0.448      4.95       118       512      0.57     0.944     0.867     0.709      1.37      1.59      0.23
    12/299     10.4G      1.78      2.75     0.415      4.94       148       576     0.576     0.958     0.887     0.719      1.32      1.54      0.15
    13/299     10.4G      1.77      2.86     0.422      5.05       146       384     0.543     0.943     0.851     0.683      1.33      1.58     0.226
    14/299     10.4G      1.71      2.65     0.353      4.72       140       480     0.641     0.958     0.912     0.767      1.24      1.41     0.125
    15/299     10.4G      1.66      2.55     0.351      4.56       145       416     0.605     0.969     0.908     0.744      1.21      1.42     0.116
    16/299     10.4G      1.64      2.43     0.312      4.38       154       384     0.632     0.981     0.925     0.768      1.18      1.32    0.0781
    17/299     10.4G       1.6      2.47     0.317      4.39       162       512     0.642     0.968     0.921     0.771      1.18      1.34    0.0972
    18/299     10.4G      1.62      2.54     0.323      4.48       181       576     0.622     0.972     0.915     0.755      1.18      1.37     0.104
    19/299     10.4G       1.6      2.35     0.287      4.23       143       320     0.661      0.98     0.939     0.789      1.12      1.24    0.0622
    20/299     10.4G       1.6      2.42      0.34      4.36       176       640     0.676     0.966     0.931     0.795      1.15      1.31    0.0945
    21/299     10.4G      1.57      2.47     0.287      4.34       159       384     0.643     0.979     0.938     0.773      1.14      1.29    0.0677
    22/299     10.4G      1.54      2.39     0.266      4.19       130       512     0.659     0.977     0.929     0.786      1.12      1.27    0.0787
    23/299     10.4G      1.51      2.26     0.278      4.05       128       448     0.606      0.87     0.852     0.671      1.13       1.3     0.979
    24/299     10.4G      1.54      2.35     0.282      4.17       195       448     0.664     0.981     0.941      0.79      1.08      1.24    0.0708
    25/299     10.4G      1.51      2.28     0.241      4.04       161       448     0.671     0.982     0.946     0.797      1.06       1.2    0.0837
    26/299     10.4G      1.48       2.2     0.223       3.9       145       512     0.652     0.975     0.932     0.779      1.05      1.25    0.0993
    27/299     10.4G      1.44      2.03     0.216      3.69       162       480     0.686     0.988      0.95     0.807      1.03      1.16    0.0475
    28/299     10.4G      1.48      2.33     0.304      4.11       155       640     0.664     0.984     0.943     0.792      1.04      1.21    0.0778
    29/299     10.4G      1.43      2.12     0.218      3.77       160       512     0.707     0.985     0.959     0.822     0.997      1.14    0.0472
    30/299     10.4G      1.44       2.1     0.218      3.75       156       384     0.693     0.984     0.952     0.811         1      1.12    0.0634
    31/299     10.4G      1.44      2.19     0.243      3.87       155       640     0.648     0.988     0.945     0.782     0.982      1.18    0.0543
    32/299     10.4G       1.4      2.14       0.2      3.74       121       320       0.7     0.987     0.957     0.816     0.954      1.13    0.0804
    33/299     10.4G      1.41      2.19     0.207      3.81       110       544     0.743     0.987     0.969     0.848     0.946      1.08    0.0682
    34/299     10.4G      1.38      2.02      0.22      3.62       151       544      0.73     0.987     0.964     0.838     0.917      1.06    0.0511
    35/299     10.4G       1.4      2.27     0.196      3.86       136       576     0.711     0.984     0.955     0.825     0.956      1.12    0.0438
    36/299     10.4G      1.36      2.13     0.189      3.67        99       416     0.735     0.988     0.963     0.842     0.936      1.06    0.0518
    37/299     10.4G      1.36         2     0.222      3.58       143       640     0.707      0.99     0.963     0.824     0.922      1.08    0.0481
    38/299     10.4G      1.37      2.12     0.224      3.72       142       640     0.711     0.987     0.959     0.826      0.94      1.09    0.0772
    39/299     10.4G      1.35       2.1     0.208      3.66       140       576     0.722      0.99     0.961     0.834      0.93      1.06    0.0541
    40/299     10.4G      1.36      2.04     0.235      3.64       141       480      0.69     0.994     0.965     0.813     0.926      1.07    0.0433
    41/299     10.4G      1.34      2.06     0.188      3.58       138       480      0.74      0.99     0.966     0.846     0.916      1.04    0.0351
    42/299     10.4G      1.32      2.05     0.182      3.55       139       512     0.743     0.987     0.966     0.847     0.899      1.04    0.0511
    43/299     10.4G      1.32      2.07     0.183      3.57       156       576     0.744     0.992      0.97     0.849     0.879     0.989     0.039
    44/299     10.4G      1.32      2.05      0.16      3.53       121       512      0.76     0.988     0.971     0.858     0.906     0.984    0.0352
    45/299     10.4G      1.29      2.01     0.166      3.47       158       352     0.755     0.989     0.969     0.855     0.851     0.978    0.0417
    46/299     10.4G      1.28      1.98     0.184      3.44       119       352     0.744     0.991      0.97     0.848      0.86     0.974    0.0286
    47/299     10.4G      1.29      1.97     0.177      3.44       140       448     0.726     0.994     0.969     0.839     0.876      1.01    0.0268
    48/299     10.4G       1.3      1.96     0.222      3.48       152       544     0.699     0.992     0.964     0.819     0.867      1.02    0.0549
    49/299     10.4G       1.3      2.06     0.199      3.56       144       640      0.73     0.989     0.964     0.838     0.887     0.988    0.0384
    50/299     10.4G       1.3      2.06     0.187      3.54       128       384     0.749     0.993     0.967     0.854     0.888     0.982    0.0349
    51/299     10.4G      1.27      1.89     0.159      3.32       148       480     0.764      0.99     0.973     0.862      0.86     0.944    0.0289
    52/299     10.4G      1.25       1.9     0.151       3.3       148       512     0.738     0.993     0.974     0.846      0.84     0.948    0.0294
    53/299     10.4G      1.25      1.99     0.144      3.39       161       480     0.726     0.994      0.97     0.838     0.836     0.951    0.0243
    54/299     10.4G      1.26      1.94     0.151      3.35       171       608     0.743     0.995     0.971     0.849     0.827     0.954    0.0274
    55/299     10.4G      1.22      1.86     0.167      3.26       149       608     0.749     0.993     0.975     0.853     0.815     0.911    0.0309
    56/299     10.4G      1.24      1.95      0.13      3.31       154       608     0.783     0.994     0.976     0.875     0.825     0.885    0.0375
    57/299     10.4G      1.22      1.89     0.133      3.25       141       544     0.766     0.994     0.978     0.865     0.777     0.869    0.0251
    58/299     10.4G      1.21      1.87      0.14      3.23       133       480     0.781     0.993     0.977     0.874     0.787     0.868     0.026
    59/299     10.4G      1.23      1.76      0.16      3.14       133       480     0.773     0.994     0.976     0.869     0.746      0.86     0.055
    60/299     10.4G      1.24      1.99     0.151      3.38       144       416     0.785     0.993     0.979     0.876     0.794     0.864    0.0291
    61/299     10.4G      1.21      1.92     0.137      3.26       167       416     0.801     0.995     0.981     0.887     0.787     0.833    0.0276
    62/299     10.4G      1.23      1.89     0.154      3.27       135       352     0.753     0.994     0.975     0.857     0.787     0.881    0.0324
    63/299     10.4G      1.21      1.76     0.154      3.12       133       480      0.79     0.996      0.98     0.881     0.766     0.825    0.0285
    64/299     10.4G      1.19      1.75     0.133      3.07       132       480     0.784     0.995     0.981     0.876     0.757     0.822    0.0274
    65/299     10.4G      1.19      1.77     0.163      3.12       145       480     0.796     0.995     0.981     0.884     0.756     0.821    0.0236
    66/299     10.4G      1.18      1.75     0.121      3.05       184       320      0.79     0.997     0.982     0.881      0.75     0.811    0.0257
    67/299     10.4G      1.17      1.82     0.135      3.13       124       352     0.783     0.995     0.978     0.876     0.749     0.833    0.0243
    68/299     10.4G      1.18      1.86     0.136      3.17       167       640     0.767     0.995     0.977     0.865     0.754     0.844    0.0221
    69/299     10.4G      1.17       1.8      0.12      3.08       136       416     0.805     0.994     0.982     0.889     0.737      0.81    0.0234
    70/299     10.4G      1.18      1.86     0.132      3.17       186       352     0.784     0.996     0.979     0.877     0.749     0.828    0.0223
    71/299     10.4G      1.16      1.73     0.136      3.03       131       544     0.805     0.995     0.982     0.889     0.718     0.782    0.0224
    72/299     10.4G      1.16      1.75      0.13      3.04       217       544     0.804     0.995     0.981     0.889     0.725     0.786    0.0221
    73/299     10.4G      1.16      1.77     0.144      3.07       123       576     0.802     0.995     0.982     0.887     0.719     0.785    0.0235
    74/299     10.4G      1.16      1.78     0.124      3.06       129       384     0.812     0.995     0.983     0.894     0.727     0.767     0.022
    75/299     10.4G      1.19      1.89     0.185      3.27       164       576     0.783     0.996      0.98     0.876      0.77       0.8    0.0218
    76/299     10.4G      1.17      1.96     0.166       3.3       143       384     0.766     0.995     0.978     0.865     0.763      0.83     0.022
    77/299     10.4G      1.15      1.73     0.142      3.02       146       608     0.795     0.995     0.982     0.883     0.746     0.805    0.0221
    78/299     10.4G      1.14       1.7     0.135      2.98       133       320     0.804     0.995     0.984     0.889     0.711     0.786    0.0267
    79/299     10.4G      1.13      1.74     0.125         3       153       544     0.804     0.995     0.983     0.889     0.718      0.79    0.0224
    80/299     10.4G      1.12      1.77     0.112      3.01       142       544     0.818     0.995     0.983     0.897     0.721     0.774    0.0204
    81/299     10.4G      1.14      1.73     0.147      3.01       103       544     0.807     0.996     0.982     0.891      0.69     0.766      0.02
    82/299     10.4G      1.12      1.79      0.11      3.01       147       448     0.799     0.996     0.982     0.886     0.704     0.767    0.0221
    83/299     10.4G      1.12      1.73     0.104      2.95       132       544     0.809     0.996     0.984     0.892     0.702     0.758    0.0197
    84/299     10.4G      1.13       1.8     0.137      3.06       140       512     0.814     0.995     0.985     0.895     0.703     0.754    0.0194
    85/299     10.4G      1.09      1.69     0.112      2.89       152       320     0.828     0.995     0.986     0.903     0.689      0.73    0.0196
    86/299     10.4G      1.12       1.7     0.113      2.93       150       320      0.82     0.996     0.986     0.899     0.677      0.72    0.0209
    87/299     10.4G      1.09      1.64      0.11      2.85       120       640     0.815     0.996     0.986     0.896     0.673     0.721    0.0207
    88/299     10.4G       1.1      1.62     0.135      2.86       141       448     0.823     0.996     0.987     0.901     0.655     0.708    0.0207
    89/299     10.4G       1.1      1.65     0.128      2.88       130       512     0.821     0.996     0.986       0.9     0.659     0.709      0.02
    90/299     10.4G      1.09      1.66     0.113      2.86       121       480     0.808     0.996     0.985     0.892     0.659     0.714    0.0204
    91/299     10.4G       1.1      1.66     0.123      2.88       142       320     0.813     0.996     0.985     0.894     0.658     0.704    0.0194
    92/299     10.4G      1.09      1.71     0.129      2.93       158       416     0.806     0.996     0.984     0.891      0.66     0.714    0.0195
    93/299     10.4G      1.11      1.71     0.112      2.93       176       416     0.812     0.996     0.984     0.895     0.655     0.713    0.0204
    94/299     10.4G      1.09      1.61     0.117      2.81       174       544     0.817     0.997     0.985     0.898      0.65     0.709    0.0201
    95/299     10.4G      1.09      1.78     0.115      2.98       172       576     0.816     0.996     0.986     0.897     0.661     0.705    0.0197
    96/299     10.4G      1.09      1.66     0.126      2.87       120       576     0.819     0.997     0.986     0.899     0.661     0.702    0.0194
    97/299     10.4G      1.08      1.66     0.118      2.85       132       352     0.821     0.997     0.986       0.9     0.651     0.689    0.0196
    98/299     10.4G      1.07      1.71     0.121       2.9       175       576     0.823     0.997     0.986     0.901     0.653     0.694    0.0197
    99/299     10.4G      1.08       1.8     0.109      2.99       145       416     0.818     0.997     0.985     0.899     0.662     0.702    0.0196
   100/299     10.4G      1.05      1.58    0.0939      2.72       135       608     0.826     0.997     0.986     0.903     0.654     0.697    0.0192
   101/299     10.4G      1.05      1.67    0.0973      2.81       144       352     0.829     0.997     0.986     0.905     0.649     0.692    0.0191
   102/299     10.4G      1.05      1.65    0.0984       2.8       123       512     0.829     0.997     0.985     0.905     0.647      0.69    0.0186
   103/299     10.4G      1.03      1.61    0.0923      2.74       171       640     0.836     0.997     0.986     0.909     0.648     0.683    0.0186
   104/299     10.4G      1.05       1.6     0.101      2.75       146       384     0.832     0.997     0.986     0.907     0.637     0.675    0.0184
   105/299     10.4G      1.04      1.69    0.0902      2.82       153       352     0.831     0.997     0.986     0.907     0.639      0.67    0.0184
   106/299     10.4G      1.04       1.6    0.0979      2.73       116       576      0.83     0.997     0.986     0.906     0.633     0.667    0.0181
   107/299     10.4G      1.03      1.56     0.113       2.7       133       416     0.831     0.997     0.986     0.906     0.623     0.663    0.0185
   108/299     10.4G      1.04      1.66      0.13      2.83       177       352     0.819     0.996     0.985     0.899     0.612     0.673    0.0182
   109/299     10.4G      1.05      1.67      0.11      2.82       131       480     0.815     0.997     0.984     0.896      0.61     0.678    0.0174
   110/299     10.4G      1.02      1.69     0.094       2.8       105       352     0.814     0.997     0.984     0.896     0.615     0.678    0.0174
   111/299     10.4G      1.03      1.62    0.0993      2.75       163       320     0.813     0.997     0.985     0.895     0.615     0.673    0.0173
   112/299     10.4G      1.01      1.51    0.0854      2.61       153       416     0.819     0.997     0.985     0.899      0.61     0.668    0.0173
   113/299     10.4G      1.01       1.5    0.0817       2.6       162       640     0.827     0.997     0.986     0.904     0.599     0.654    0.0176
   114/299     10.4G         1      1.53     0.081      2.61       186       512     0.835     0.997     0.987     0.909     0.595      0.64    0.0175
   115/299     10.4G     0.983      1.52    0.0783      2.58       162       576      0.84     0.997     0.988     0.911     0.595     0.629    0.0175
   116/299     10.4G     0.994      1.51    0.0891      2.59       150       640     0.843     0.997     0.988     0.913     0.592     0.625    0.0175
   117/299     10.4G      1.01      1.65     0.103      2.76       132       352     0.843     0.997     0.988     0.913     0.591     0.624    0.0173
   118/299     10.4G         1      1.55     0.101      2.65       160       608     0.845     0.997     0.988     0.915      0.59     0.623    0.0173
   119/299     10.4G         1      1.56     0.104      2.67       127       512     0.842     0.997     0.988     0.913      0.59     0.626    0.0173
   120/299     10.4G      1.01      1.57     0.119      2.71       129       384     0.838     0.997     0.987      0.91     0.588     0.625    0.0186
   121/299     10.4G      1.01      1.54    0.0949      2.64       138       416     0.834     0.997     0.987     0.908     0.585     0.624    0.0198
   122/299     10.4G     0.991      1.53     0.102      2.63       140       384     0.833     0.997     0.987     0.907     0.585      0.62    0.0199
   123/299     10.4G     0.981      1.57    0.0975      2.64       137       384     0.834     0.997     0.987     0.908     0.583     0.615    0.0193
   124/299     10.4G      0.99      1.55    0.0936      2.64       159       576     0.835     0.997     0.986     0.908     0.583     0.613    0.0186
   125/299     10.4G     0.977      1.56    0.0954      2.63       136       448      0.84     0.997     0.987     0.911     0.581     0.609    0.0182
   126/299     10.4G     0.976      1.57    0.0912      2.64       144       416     0.837     0.997     0.987     0.909     0.582     0.613    0.0179
   127/299     10.4G     0.951      1.48    0.0892      2.52       197       384     0.838     0.997     0.987      0.91     0.581     0.612    0.0174
   128/299     10.4G     0.971       1.5     0.107      2.58       137       608     0.838     0.997     0.987      0.91     0.579      0.61    0.0171
   129/299     10.4G     0.979      1.49    0.0763      2.54       130       384     0.839     0.997     0.987     0.911     0.576     0.606    0.0169
   130/299     10.4G     0.956      1.45    0.0804      2.49       149       384     0.838     0.997     0.987      0.91     0.572     0.604    0.0169
   131/299     10.4G     0.955      1.49    0.0862      2.53       167       416     0.838     0.997     0.987     0.911     0.571     0.601    0.0168
   132/299     10.4G     0.993      1.63     0.128      2.75       130       384     0.839     0.997     0.987     0.911     0.572     0.602    0.0168
   133/299     10.4G     0.966      1.55    0.0924      2.61       170       480     0.842     0.997     0.988     0.913     0.574     0.602    0.0167
   134/299     10.4G     0.964      1.48      0.11      2.55       129       352     0.841     0.997     0.988     0.912     0.573     0.599    0.0166
   135/299     10.4G      0.98      1.49     0.112      2.59       134       320     0.841     0.997     0.988     0.912     0.569     0.597    0.0163
   136/299     10.4G     0.956      1.48    0.0881      2.52       144       576      0.84     0.997     0.988     0.912     0.566     0.593    0.0161
   137/299     10.4G      0.95      1.42    0.0916      2.46       182       608     0.841     0.997     0.988     0.912     0.562     0.589    0.0161
   138/299     10.4G     0.966      1.52     0.114       2.6       117       416     0.842     0.997     0.988     0.913      0.56     0.588     0.016
   139/299     10.4G     0.925      1.37    0.0781      2.37       169       544     0.845     0.997     0.988     0.914     0.558     0.585    0.0158
   140/299     10.4G     0.934      1.39    0.0685      2.39       127       416     0.846     0.997     0.988     0.915     0.556     0.583    0.0157
   141/299     10.4G     0.916      1.41     0.069       2.4       135       384     0.845     0.997     0.988     0.915     0.555     0.581    0.0157
   142/299     10.4G     0.919      1.37    0.0717      2.36       110       320     0.846     0.997     0.988     0.915     0.554     0.579    0.0157
   143/299     10.4G     0.906      1.39    0.0672      2.36       159       544     0.848     0.997     0.989     0.916     0.552     0.576    0.0157
   144/299     10.4G     0.921       1.5    0.0743       2.5       165       352      0.85     0.997     0.989     0.917     0.552     0.574    0.0157
   145/299     10.4G     0.905      1.34    0.0741      2.32       123       640     0.851     0.997     0.988     0.918      0.55     0.572    0.0156
   146/299     10.4G     0.917      1.45    0.0819      2.45       143       448     0.852     0.997     0.989     0.918      0.55     0.571    0.0155
   147/299     10.4G     0.894      1.44    0.0771      2.41       127       480     0.853     0.997     0.989     0.919      0.55      0.57    0.0155
   148/299     10.4G     0.904      1.42    0.0866      2.41       132       544     0.854     0.997     0.988      0.92      0.55     0.569    0.0155
   149/299     10.4G     0.895       1.3    0.0786      2.28       136       640     0.855     0.997     0.989      0.92     0.548     0.567    0.0155
   150/299     10.4G     0.893      1.43    0.0683      2.39       108       320     0.855     0.997     0.989      0.92     0.547     0.566    0.0155
   151/299     10.4G     0.881      1.39    0.0555      2.33       149       384     0.857     0.997     0.989     0.921     0.548     0.564    0.0154
   152/299     10.4G     0.883      1.35    0.0573      2.29       140       416     0.857     0.997     0.989     0.921     0.546     0.563    0.0154
   153/299     10.4G      0.87      1.36    0.0545      2.29       135       576     0.858     0.997     0.989     0.922     0.544     0.561    0.0153
   154/299     10.4G     0.872      1.35    0.0562      2.28       144       352     0.859     0.997     0.989     0.922     0.543     0.559    0.0152
   155/299     10.4G      0.92      1.53     0.111      2.56       126       320     0.859     0.997     0.989     0.923     0.543     0.559    0.0152
   156/299     10.4G     0.896      1.42      0.08       2.4       144       544     0.858     0.997     0.989     0.922     0.543     0.559    0.0151
   157/299     10.4G      0.89      1.42    0.0715      2.38       155       640     0.857     0.997     0.989     0.922     0.542     0.558     0.015
   158/299     10.4G     0.889      1.41    0.0632      2.36       164       416     0.857     0.997     0.989     0.921     0.542     0.557    0.0149
   159/299     10.4G     0.867      1.41    0.0538      2.33       144       320     0.858     0.997     0.989     0.922     0.542     0.556    0.0148
   160/299     10.4G     0.864      1.35     0.061      2.28       136       480     0.859     0.997     0.989     0.922     0.541     0.554    0.0147
   161/299     10.4G     0.852      1.28    0.0546      2.18       159       448     0.859     0.997     0.989     0.922     0.539     0.552    0.0147
   162/299     10.4G     0.862       1.4    0.0555      2.32       153       352     0.858     0.997     0.989     0.922     0.539     0.551    0.0146
   163/299     10.4G     0.864      1.31    0.0766      2.25       140       576     0.859     0.997     0.989     0.923     0.538     0.549    0.0145
   164/299     10.4G     0.841      1.29    0.0663       2.2       175       384     0.859     0.997     0.989     0.923     0.537     0.547    0.0145
   165/299     10.4G     0.841      1.37    0.0591      2.27       162       448     0.859     0.997     0.989     0.923     0.537     0.546    0.0144
   166/299     10.4G     0.831      1.32    0.0511      2.21       130       480      0.86     0.997     0.989     0.923     0.536     0.545    0.0144
   167/299     10.4G      0.85      1.28    0.0502      2.18       139       544     0.859     0.997     0.989     0.923     0.536     0.543    0.0143
   168/299     10.4G     0.827      1.33    0.0663      2.23       152       608      0.86     0.997      0.99     0.923     0.535     0.542    0.0142
   169/299     10.4G     0.827      1.33    0.0481      2.21       138       352     0.861     0.997      0.99     0.924     0.535     0.541    0.0142
   170/299     10.4G      0.84      1.34    0.0504      2.23       145       448     0.862     0.997      0.99     0.924     0.535      0.54    0.0141
   171/299     10.4G     0.826      1.37    0.0507      2.24       172       352     0.863     0.997      0.99     0.925     0.534     0.538    0.0141
   172/299     10.4G     0.831      1.32     0.054       2.2       145       576     0.863     0.997      0.99     0.925     0.534     0.537     0.014
   173/299     10.4G     0.836      1.37     0.067      2.27       155       640     0.864     0.997      0.99     0.925     0.534     0.537     0.014
   174/299     10.4G      0.83      1.33    0.0542      2.22       157       352     0.864     0.997      0.99     0.926     0.533     0.535    0.0139
   175/299     10.4G     0.799      1.23    0.0481      2.08       134       512     0.865     0.997      0.99     0.926     0.532     0.534    0.0139
   176/299     10.4G     0.798      1.22    0.0427      2.06       140       544     0.865     0.997      0.99     0.926     0.531     0.533    0.0139
   177/299     10.4G     0.818      1.29     0.104      2.21       134       576     0.866     0.997      0.99     0.927     0.531     0.532    0.0138
   178/299     10.4G     0.822      1.31    0.0611       2.2       157       576     0.867     0.997      0.99     0.927      0.53     0.531    0.0138
   179/299     10.4G      0.81      1.22    0.0645      2.09       117       480     0.868     0.997      0.99     0.928     0.529     0.529    0.0137
   180/299     10.4G     0.824      1.31     0.067       2.2       173       384     0.868     0.997      0.99     0.928     0.529     0.528    0.0136
   181/299     10.4G       0.8      1.29    0.0495      2.14       132       608     0.869     0.997      0.99     0.929     0.529     0.527    0.0136
   182/299     10.4G     0.787      1.29    0.0604      2.14       170       320      0.87     0.997      0.99     0.929     0.528     0.526    0.0135
   183/299     10.4G     0.791      1.26    0.0488       2.1       178       320     0.872     0.997      0.99      0.93     0.528     0.525    0.0134
   184/299     10.4G     0.786      1.19    0.0463      2.02       104       640     0.873     0.997      0.99     0.931     0.527     0.524    0.0134
   185/299     10.4G     0.792      1.28    0.0435      2.11       120       480     0.873     0.997      0.99     0.931     0.526     0.523    0.0133
   186/299     10.4G     0.777      1.24    0.0505      2.07       187       512     0.873     0.997      0.99     0.931     0.526     0.523    0.0132
   187/299     10.4G     0.758      1.19    0.0464      1.99       139       384     0.874     0.997      0.99     0.931     0.525     0.522    0.0132
   188/299     10.4G     0.765      1.21    0.0443      2.02       144       320     0.874     0.997      0.99     0.931     0.525     0.521    0.0131
   189/299     10.4G     0.773      1.22    0.0401      2.03       154       448     0.875     0.997      0.99     0.932     0.524      0.52    0.0131
   190/299     10.4G     0.763       1.2    0.0364         2       143       576     0.875     0.997      0.99     0.932     0.524     0.519     0.013
   191/299     10.4G     0.763      1.25    0.0421      2.05       156       480     0.875     0.997      0.99     0.932     0.524     0.518     0.013
   192/299     10.4G      0.75      1.18    0.0388      1.97       112       608     0.876     0.997      0.99     0.933     0.523     0.518    0.0129
   193/299     10.4G     0.763      1.32    0.0409      2.13       167       320     0.876     0.997     0.991     0.933     0.523     0.517    0.0129
   194/299     10.4G     0.761       1.2    0.0478      2.01       162       512     0.877     0.997     0.991     0.933     0.523     0.516    0.0128
   195/299     10.4G     0.748       1.2    0.0401      1.98       149       480     0.877     0.997     0.991     0.933     0.522     0.515    0.0128
   196/299     10.4G     0.736      1.19    0.0416      1.97       154       384     0.878     0.997     0.991     0.934     0.521     0.514    0.0127
   197/299     10.4G      0.75      1.23     0.041      2.02       145       608     0.879     0.997     0.991     0.934     0.521     0.514    0.0126
   198/299     10.4G     0.732      1.24    0.0367      2.01       158       608      0.88     0.997     0.991     0.935     0.521     0.513    0.0126
   199/299     10.4G     0.729      1.17     0.038      1.94       159       608      0.88     0.997     0.991     0.935     0.521     0.512    0.0125
   200/299     10.4G     0.724      1.21    0.0334      1.96       151       416     0.881     0.997     0.991     0.935      0.52     0.512    0.0125
   201/299     10.4G     0.718      1.14    0.0363      1.89       138       608     0.881     0.997     0.991     0.935      0.52     0.511    0.0125
   202/299     10.4G     0.715      1.11    0.0356      1.86       134       576     0.881     0.997     0.991     0.936     0.519     0.511    0.0124
   203/299     10.4G     0.713      1.16    0.0349      1.91       118       544     0.882     0.997     0.991     0.936      0.52      0.51    0.0124
   204/299     10.4G      0.71      1.15    0.0361      1.89       171       608     0.882     0.997     0.991     0.936     0.519     0.509    0.0123
   205/299     10.4G     0.706      1.13    0.0312      1.87       121       576     0.882     0.997     0.991     0.936     0.519     0.508    0.0122
   206/299     10.4G     0.713      1.16    0.0349      1.91       131       384     0.883     0.997     0.991     0.937     0.518     0.508    0.0122
   207/299     10.4G     0.698      1.17    0.0359      1.91       168       416     0.883     0.997     0.991     0.937     0.518     0.507    0.0121
   208/299     10.4G     0.715      1.19    0.0304      1.94        99       320     0.884     0.997     0.991     0.937     0.518     0.506    0.0121
   209/299     10.4G      0.69      1.09    0.0277      1.81       150       416     0.885     0.997     0.991     0.938     0.518     0.506     0.012
   210/299     10.4G     0.688      1.12    0.0285      1.83       125       448     0.885     0.997     0.991     0.938     0.517     0.505     0.012
   211/299     10.4G     0.682       1.1    0.0308      1.81       155       608     0.886     0.997     0.991     0.938     0.517     0.504    0.0119
   212/299     10.4G     0.689       1.1    0.0309      1.82       160       480     0.886     0.997     0.991     0.938     0.516     0.504    0.0118
   213/299     10.4G     0.686      1.13    0.0281      1.84       126       512     0.887     0.997     0.991     0.939     0.516     0.503    0.0118
   214/299     10.4G     0.679      1.06    0.0302      1.77       141       448     0.887     0.997     0.991     0.939     0.515     0.502    0.0117
   215/299     10.4G     0.679      1.06    0.0281      1.77       159       320     0.888     0.997     0.991     0.939     0.515     0.501    0.0117
   216/299     10.4G     0.686      1.06     0.042      1.79       125       384     0.888     0.997     0.991     0.939     0.515       0.5    0.0116
   217/299     10.4G     0.672      1.05    0.0282      1.75       185       352     0.888     0.997     0.991     0.939     0.514       0.5    0.0116
   218/299     10.4G     0.667      1.06    0.0329      1.76       167       448     0.888     0.997     0.991      0.94     0.514     0.499    0.0115
   219/299     10.4G     0.659      1.06    0.0305      1.74       148       480     0.889     0.997     0.991      0.94     0.514     0.498    0.0115
   220/299     10.4G     0.669      1.12    0.0337      1.82       158       608     0.889     0.997     0.991      0.94     0.514     0.498    0.0114
   221/299     10.4G     0.662      1.06    0.0275      1.75       171       544     0.889     0.997     0.991      0.94     0.513     0.497    0.0113
   222/299     10.4G     0.663      1.11    0.0314       1.8       126       512     0.889     0.997     0.991      0.94     0.513     0.496    0.0113
   223/299     10.4G      0.65      1.08    0.0299      1.76       157       416      0.89     0.997     0.991      0.94     0.513     0.496    0.0112
   224/299     10.4G     0.654         1    0.0242      1.68       138       608      0.89     0.997     0.991     0.941     0.513     0.495    0.0111
   225/299     10.4G     0.642     0.995    0.0268      1.66       160       352     0.891     0.997     0.991     0.941     0.512     0.494    0.0111
   226/299     10.4G     0.642      1.03    0.0292       1.7       163       512     0.891     0.997     0.991     0.941     0.512     0.493     0.011
   227/299     10.4G     0.645      1.03    0.0314      1.71       144       576     0.891     0.997     0.991     0.941     0.511     0.492     0.011
   228/299     10.4G     0.628      1.01    0.0242      1.66       118       512     0.892     0.997     0.991     0.941     0.511     0.492    0.0109
   229/299     10.4G     0.624     0.962    0.0226      1.61       141       640     0.892     0.997     0.991     0.942      0.51     0.491    0.0108
   230/299     10.4G     0.626      1.01    0.0232      1.66       160       480     0.892     0.997     0.991     0.942      0.51      0.49    0.0108
   231/299     10.4G     0.625      1.04    0.0243      1.69       175       640     0.893     0.997     0.991     0.942      0.51     0.489    0.0107
   232/299     10.4G     0.625     0.951    0.0223       1.6       181       512     0.893     0.997     0.991     0.942     0.509     0.489    0.0106
   233/299     10.4G      0.63      1.04    0.0237      1.69       143       544     0.894     0.997     0.991     0.943     0.509     0.488    0.0106
   234/299     10.4G     0.617         1    0.0244      1.64       160       544     0.894     0.997     0.991     0.943     0.509     0.487    0.0105
   235/299     10.4G      0.62     0.959     0.026      1.61       167       544     0.896     0.997     0.991     0.944     0.508     0.486    0.0104
   236/299     10.4G     0.607     0.967    0.0179      1.59       157       320     0.896     0.997     0.991     0.944     0.509     0.486    0.0104
   237/299     10.4G      0.61      1.03    0.0198      1.66       148       480     0.897     0.997     0.991     0.944     0.509     0.485    0.0103
   238/299     10.4G     0.607     0.959    0.0184      1.58       167       352     0.897     0.997     0.991     0.944     0.508     0.484    0.0102
   239/299     10.4G     0.605      1.03    0.0198      1.65       152       512     0.897     0.997     0.991     0.944     0.508     0.484    0.0102
   240/299     10.4G     0.601     0.973    0.0204      1.59       132       352     0.897     0.997     0.991     0.944     0.508     0.483    0.0101
   241/299     10.4G     0.608     0.985    0.0232      1.62       146       448     0.898     0.997     0.991     0.945     0.508     0.482      0.01
   242/299     10.4G      0.59     0.929    0.0179      1.54       139       512     0.898     0.997     0.991     0.945     0.507     0.481   0.00996
   243/299     10.4G     0.591     0.933    0.0187      1.54       159       512     0.899     0.997     0.992     0.945     0.507     0.481   0.00989
   244/299     10.4G     0.599     0.981    0.0237       1.6       178       320     0.899     0.997     0.992     0.946     0.507      0.48   0.00982
   245/299     10.4G     0.594     0.944    0.0166      1.55       124       608       0.9     0.997     0.992     0.946     0.507     0.479   0.00975
   246/299     10.4G     0.591     0.966    0.0182      1.58       139       384       0.9     0.997     0.992     0.946     0.507     0.478   0.00968
   247/299     10.4G     0.589      0.93    0.0186      1.54       144       544       0.9     0.997     0.992     0.946     0.507     0.478   0.00961
   248/299     10.4G     0.584      0.95    0.0217      1.56       147       384     0.901     0.997     0.992     0.947     0.506     0.477   0.00954
   249/299     10.4G     0.586     0.924    0.0201      1.53       148       384     0.901     0.997     0.992     0.947     0.507     0.477   0.00947
   250/299     10.4G     0.581       0.9    0.0164       1.5       143       352     0.901     0.997     0.992     0.947     0.507     0.476   0.00939
   251/299     10.4G     0.585     0.964    0.0181      1.57       117       544     0.902     0.997     0.992     0.947     0.506     0.475   0.00933
   252/299     10.4G     0.568     0.877    0.0162      1.46       140       448     0.902     0.997     0.992     0.947     0.506     0.474   0.00925
   253/299     10.4G     0.572     0.887    0.0191      1.48       146       320     0.903     0.997     0.992     0.948     0.505     0.474   0.00918
   254/299     10.4G     0.563      0.89     0.013      1.47       177       480     0.903     0.997     0.992     0.948     0.505     0.473   0.00911
   255/299     10.4G     0.568     0.887    0.0176      1.47       146       608     0.904     0.997     0.992     0.948     0.505     0.472   0.00903
   256/299     10.4G     0.573     0.905    0.0151      1.49       164       320     0.905     0.997     0.992     0.949     0.505     0.471   0.00896
   257/299     10.4G     0.574     0.923    0.0194      1.52       179       608     0.905     0.997     0.992     0.949     0.505     0.471   0.00888
   258/299     10.4G     0.564     0.909    0.0153      1.49       133       352     0.905     0.997     0.992     0.949     0.504      0.47   0.00881
   259/299     10.4G     0.571      0.94    0.0153      1.53       141       608     0.905     0.997     0.992     0.949     0.504     0.469   0.00874
   260/299     10.4G     0.555     0.856    0.0162      1.43       149       480     0.906     0.997     0.992     0.949     0.504     0.469   0.00866
   261/299     10.4G     0.567     0.998    0.0175      1.58       149       384     0.906     0.997     0.992     0.949     0.504     0.468   0.00859
   262/299     10.4G     0.547     0.848    0.0153      1.41       125       576     0.907     0.997     0.992      0.95     0.504     0.467   0.00852
   263/299     10.4G     0.551     0.872    0.0131      1.44       135       576     0.907     0.997     0.992      0.95     0.503     0.467   0.00844
   264/299     10.4G     0.563     0.904    0.0185      1.49       123       480     0.907     0.997     0.992      0.95     0.503     0.466   0.00836
   265/299     10.4G     0.546     0.876    0.0161      1.44       149       608     0.908     0.997     0.992      0.95     0.503     0.465   0.00828
   266/299     10.4G     0.547     0.876     0.015      1.44       142       352     0.909     0.997     0.992     0.951     0.503     0.465   0.00821
   267/299     10.4G     0.544     0.932    0.0155      1.49       130       448     0.909     0.997     0.992     0.951     0.503     0.464   0.00813
   268/299     10.4G     0.547     0.893    0.0165      1.46       126       416     0.909     0.997     0.992     0.951     0.503     0.464   0.00805
   269/299     10.4G     0.555     0.897    0.0127      1.46       152       352     0.909     0.997     0.992     0.951     0.503     0.463   0.00798
   270/299     10.4G      0.54     0.868    0.0146      1.42       154       576      0.91     0.997     0.992     0.951     0.503     0.462    0.0079
   271/299     10.4G      0.54     0.862    0.0149      1.42       151       448      0.91     0.997     0.992     0.952     0.503     0.462   0.00783
   272/299     10.4G     0.524     0.794    0.0114      1.33       145       576     0.911     0.997     0.992     0.952     0.502     0.461   0.00775
   273/299     10.4G     0.543     0.886    0.0149      1.44       127       352     0.911     0.997     0.992     0.952     0.502      0.46   0.00768
   274/299     10.4G     0.527     0.854    0.0115      1.39       122       544     0.911     0.997     0.992     0.952     0.503      0.46   0.00761
   275/299     10.4G     0.537     0.912    0.0116      1.46       151       352     0.912     0.997     0.992     0.953     0.503     0.459   0.00754
   276/299     10.4G     0.531     0.847     0.013      1.39       105       448     0.912     0.997     0.992     0.953     0.502     0.459   0.00747
   277/299     10.4G     0.531     0.849     0.014      1.39       153       384     0.912     0.997     0.992     0.953     0.502     0.458    0.0074
   278/299     10.4G     0.529     0.862    0.0172      1.41       131       640     0.912     0.997     0.992     0.953     0.502     0.458   0.00733
   279/299     10.4G     0.538      0.87     0.014      1.42       123       608     0.913     0.997     0.992     0.953     0.502     0.457   0.00726
   280/299     10.4G     0.535      0.87    0.0135      1.42       163       576     0.913     0.997     0.992     0.953     0.502     0.457   0.00719
   281/299     10.4G     0.525     0.837    0.0125      1.37       158       480     0.913     0.997     0.992     0.953     0.502     0.456   0.00712
   282/299     10.4G      0.53     0.883    0.0101      1.42       174       448     0.914     0.997     0.992     0.954     0.502     0.456   0.00705
   283/299     10.4G     0.524     0.867    0.0126       1.4       162       352     0.914     0.997     0.992     0.954     0.502     0.455   0.00698
   284/299     10.4G     0.533       0.9    0.0108      1.44       128       352     0.915     0.997     0.992     0.954     0.502     0.455   0.00691
   285/299     10.4G      0.52     0.835    0.0107      1.37       113       384     0.915     0.997     0.992     0.955     0.502     0.454   0.00685
   286/299     10.4G     0.526     0.848    0.0136      1.39       134       608     0.915     0.997     0.992     0.954     0.502     0.453   0.00678
   287/299     10.4G     0.515     0.838    0.0138      1.37       174       576     0.916     0.997     0.992     0.955     0.502     0.453   0.00671
   288/299     10.4G     0.519     0.856    0.0113      1.39       138       640     0.916     0.997     0.992     0.955     0.502     0.453   0.00664
   289/299     10.4G     0.516     0.823    0.0127      1.35       129       416     0.916     0.997     0.992     0.955     0.502     0.452   0.00658
   290/299     10.4G     0.518     0.832    0.0136      1.36       129       352     0.917     0.997     0.992     0.955     0.502     0.451   0.00652
   291/299     10.4G     0.535     0.889    0.0127      1.44       164       320     0.917     0.997     0.992     0.955     0.503     0.451   0.00645
   292/299     10.4G     0.515      0.84    0.0118      1.37       158       640     0.918     0.997     0.992     0.956     0.502      0.45   0.00639
   293/299     10.4G     0.528     0.902    0.0134      1.44       146       384     0.918     0.997     0.992     0.956     0.502      0.45   0.00633
   294/299     10.4G     0.516     0.846    0.0122      1.37       136       544     0.919     0.997     0.992     0.956     0.502      0.45   0.00627
   295/299     10.4G     0.516     0.828    0.0109      1.35       133       448     0.919     0.997     0.992     0.956     0.502     0.449   0.00621
   296/299     10.4G     0.511     0.822    0.0125      1.35       142       448     0.919     0.997     0.992     0.957     0.502     0.449   0.00615
   297/299     10.4G     0.506     0.765    0.0137      1.28       131       544     0.919     0.997     0.992     0.957     0.502     0.448   0.00609
   298/299     10.4G     0.516     0.844    0.0134      1.37       161       384     0.919     0.997     0.992     0.957     0.502     0.448   0.00603
   299/299     10.4G     0.514     0.843    0.0137      1.37       179       608      0.92     0.997     0.992     0.957     0.502     0.447   0.00597
