     0/299     10.3G      6.34      9.45      3.28      19.1       167       608     0.075    0.0447    0.0304    0.0467       4.2      6.02      2.98
     1/299     10.4G      4.09      6.92      3.11      14.1       166       320    0.0818      0.33    0.0973     0.105      3.11      4.52      2.95
     2/299     10.4G      3.65         5      3.05      11.7       143       544      0.26     0.428     0.211     0.275      3.39      2.86      2.77
     3/299     10.4G      3.24      4.57      3.01      10.8       146       384     0.247     0.503     0.251     0.287      2.64       2.8      2.67
     4/299     10.4G      3.07      4.53      2.72      10.3       134       352     0.305     0.672      0.47     0.413      2.58       2.6      1.95
     5/299     10.4G      3.37      4.18      2.21      9.75       139       512     0.403     0.651     0.447     0.469      2.65      2.29       1.6
     6/299     10.4G       3.1      3.86      1.81      8.78       126       320     0.308     0.768     0.546     0.434      2.68      2.46      1.38
     7/299     10.4G      3.06      3.53      1.54      8.13       122       576     0.323     0.727     0.548     0.437      2.76      2.48      1.16
     8/299     10.4G      3.31      3.49      1.42      8.22       139       320     0.436     0.695      0.55     0.525       2.7      2.19      1.75
     9/299     10.4G      2.98      3.21      1.42      7.61       110       640      0.51     0.687     0.572     0.571      2.65      2.22      1.16
    10/299     10.4G      2.88      3.62      1.34      7.85       150       416     0.472     0.586     0.542     0.436      2.56      2.29      2.52
    11/299     10.4G      2.83      2.99      1.34      7.17       167       640     0.427     0.714      0.54     0.509      2.58      2.33      1.74
    12/299     10.4G      2.67      3.85      1.27      7.79       151       320     0.309     0.791     0.542     0.436      2.45      2.39      1.01
    13/299     10.4G       2.7      3.77      1.18      7.65       164       320     0.356     0.716     0.504     0.431      2.43      2.64      1.92
    14/299     10.4G      2.63      3.87      1.04      7.54       181       416     0.384     0.799     0.636     0.514       2.3      2.41      1.02
    15/299     10.4G      2.52      3.53      1.09      7.15       159       352     0.461     0.811     0.695     0.584      2.47      2.18     0.877
    16/299     10.4G      2.51      3.53      1.01      7.05       104       384     0.401     0.696     0.571     0.466      2.38      2.28      1.14
    17/299     10.4G      2.46      3.82     0.917      7.19       148       320     0.415     0.858     0.663     0.548      2.17      2.34      0.96
    18/299     10.4G      2.45      2.73     0.848      6.03       150       608     0.482     0.668      0.58     0.489      2.23      2.23      2.18
    19/299     10.4G      2.33      3.81     0.844      6.98       179       320     0.519     0.755     0.701     0.605      2.21       2.2     0.922
    20/299     10.4G      2.37      3.54     0.713      6.62       148       544     0.467     0.792     0.667     0.586      2.17      2.23     0.655
    21/299     10.4G      2.28      3.54     0.735      6.55       150       352     0.473      0.84     0.682     0.593      2.08      2.25      0.75
    22/299     10.4G      2.27      3.28     0.657       6.2       149       448     0.523      0.76     0.696     0.614      2.06       2.2     0.878
    23/299     10.4G      2.21      3.27     0.983      6.46       119       416     0.461     0.706     0.622     0.538      1.99       2.2      1.24
    24/299     10.4G      2.25      3.17     0.839      6.26        96       640     0.485      0.81     0.673     0.587      2.34      2.23     0.902
    25/299     10.4G      2.25      3.38     0.766       6.4       139       352     0.462      0.82       0.7     0.573      2.01      2.26      0.69
    26/299     10.4G      2.21      3.34     0.738      6.29       102       320     0.398     0.831     0.636     0.522      1.87      2.23      1.59
    27/299     10.4G      2.15      3.21      0.59      5.96       183       608     0.446      0.84     0.689     0.574      1.95      2.16     0.737
    28/299     10.4G      2.17      2.56     0.659      5.38       129       544     0.461     0.824     0.675     0.573      2.07      2.18      1.42
    29/299     10.4G      2.18      2.96      0.68      5.82       144       576     0.477     0.858     0.729     0.613      1.88      2.16     0.646
    30/299     10.4G      2.06      3.26     0.549      5.87       144       352     0.456     0.823     0.675     0.572      1.82      2.21      1.33
    31/299     10.4G       2.1      3.31     0.597      6.01       151       480     0.541     0.829     0.756     0.653      1.99      2.21     0.721
    32/299     10.4G      2.09      2.81     0.539      5.44       159       416     0.474     0.828     0.689     0.587      2.08      2.19      1.06
    33/299     10.4G      2.11      2.91     0.531      5.55       159       320      0.44     0.863     0.696     0.563      1.97      2.21     0.773
    34/299     10.4G      2.01       2.8     0.553      5.36       188       512     0.495     0.836     0.727     0.621      2.03       2.2     0.805
    35/299     10.4G      2.13      3.46     0.609      6.19       135       384     0.493     0.788     0.689     0.592      1.87      2.21     0.828
    36/299     10.4G      2.07      2.92     0.623      5.62       133       320     0.458     0.832     0.719     0.575      1.87      2.24     0.866
    37/299     10.4G      2.01      3.34     0.576      5.92       133       576     0.437     0.847     0.699     0.565      1.88      2.26      0.79
    38/299     10.4G      2.06      2.76     0.502      5.32       190       640     0.513      0.86     0.735     0.637      1.84      2.13     0.611
    39/299     10.4G      2.03      3.03     0.625      5.68       154       320     0.513     0.832     0.682     0.616      1.86      2.18     0.889
    40/299     10.4G      2.01      3.17     0.681      5.85       144       320     0.485     0.757     0.641     0.568      1.88      2.22      0.92
    41/299     10.4G      1.95      2.59     0.673      5.21       140       576     0.414     0.857     0.664     0.543      1.92      2.32      0.59
    42/299     10.4G      1.93      3.29     0.559      5.78       176       384     0.514     0.808     0.706     0.627      1.91      2.26     0.567
    43/299     10.4G      2.01      3.09     0.513      5.61       127       352     0.524     0.848     0.747     0.644      1.86      2.17     0.661
    44/299     10.4G      1.96      3.31     0.493      5.77       152       416     0.496     0.823     0.721     0.618      1.83      2.31     0.533
    45/299     10.4G      1.94      3.19     0.513      5.64       147       384     0.463     0.829     0.694      0.59      1.83      2.28     0.878
    46/299     10.4G      1.89      3.03     0.425      5.35       113       448     0.505      0.86     0.744     0.635      1.84      2.26     0.435
    47/299     10.4G      1.92      2.76     0.463      5.14       158       384     0.485     0.847     0.727     0.605      1.76      2.18     0.793
    48/299     10.4G      1.88       2.8     0.414      5.09       143       640     0.498     0.876     0.762     0.634      1.95      2.26     0.459
    49/299     10.4G      1.89      2.94     0.426      5.25       155       512     0.529     0.798     0.703     0.633      1.82       2.3     0.565
    50/299     10.4G      1.85      2.49     0.348      4.69       142       576     0.588     0.794     0.748     0.673      1.85      2.27     0.615
    51/299     10.4G      1.88       2.9     0.395      5.17       163       352     0.553     0.819     0.736     0.653      1.84      2.18     0.799
    52/299     10.4G      1.84      2.77     0.356      4.96       151       384     0.533      0.85     0.755     0.651      1.76      2.21     0.505
    53/299     10.4G      1.81      2.57     0.341      4.72       146       416     0.544     0.868     0.772     0.668      1.82      2.15     0.425
    54/299     10.4G      1.83      2.69      0.37       4.9       125       608     0.511     0.824     0.716     0.627      1.92      2.25     0.713
    55/299     10.4G      1.86      2.52     0.353      4.73       153       320     0.568     0.819     0.725     0.667      1.87      2.29     0.503
    56/299     10.4G       1.9      2.79     0.407      5.09       146       448     0.515     0.845     0.733     0.638      1.78      2.23     0.756
    57/299     10.4G      1.85      2.74     0.491      5.09       143       480     0.535     0.854     0.739     0.655      1.82      2.29     0.504
    58/299     10.4G      1.77      2.65     0.377       4.8       141       640     0.615     0.817     0.748     0.701      1.88      2.26     0.524
    59/299     10.4G      1.82      2.38     0.321      4.53       151       608     0.608     0.835     0.768       0.7      1.83      2.22     0.558
    60/299     10.4G       1.8      2.56     0.321      4.68       161       448     0.577      0.82     0.744     0.672      1.84      2.24     0.598
    61/299     10.4G      1.78      2.37     0.342       4.5       143       320     0.524     0.886     0.773     0.652      1.76      2.18     0.517
    62/299     10.4G      1.74      2.67     0.359      4.78       120       576     0.605     0.839     0.773     0.701      1.75      2.26     0.496
    63/299     10.4G      1.83      2.88     0.509      5.23       148       320      0.54     0.854     0.758     0.661      1.84      2.32     0.765
    64/299     10.4G      1.73      2.55     0.378      4.66       161       512     0.556     0.845     0.734     0.665      1.77      2.34     0.649
    65/299     10.4G      1.83      2.41     0.277      4.52       163       384     0.578     0.801     0.725     0.671      1.82      2.34     0.599
    66/299     10.4G       1.7      2.43     0.304      4.43       140       608     0.513     0.862     0.734     0.639      1.73      2.24     0.641
    67/299     10.4G      1.76      2.87     0.352      4.99       154       384     0.571     0.828     0.761     0.668      1.75      2.19     0.572
    68/299     10.4G       1.7      2.44     0.344      4.49       158       576     0.537     0.852     0.762     0.657      1.76      2.22     0.632
    69/299     10.4G      1.73      2.14     0.304      4.18       119       448     0.561     0.869     0.778     0.681      1.79       2.2     0.436
    70/299     10.4G      1.79      3.19     0.413       5.4       188       640     0.588     0.812     0.756     0.681      1.82      2.36     0.427
    71/299     10.4G      1.67      2.39     0.364      4.42       150       352     0.572     0.809     0.731     0.661      1.79       2.3     0.502
    72/299     10.4G      1.68       2.6     0.402      4.69       156       416     0.508     0.856     0.731     0.636      1.78      2.38      0.39
    73/299     10.4G      1.62      2.23     0.284      4.14       122       544     0.534     0.809      0.71     0.636      1.77      2.33     0.511
    74/299     10.4G      1.71      2.78      0.34      4.83       145       544     0.544     0.832      0.75     0.654      1.78      2.38     0.522
    75/299     10.4G       1.7      2.59     0.387      4.67       148       608     0.532     0.844     0.745     0.648      1.79      2.29     0.602
    76/299     10.4G      1.68      2.62     0.286      4.59       137       480     0.558     0.806     0.698     0.644      1.82      2.29      1.51
    77/299     10.4G       1.7      2.11      0.33      4.14        94       544     0.541     0.876     0.748     0.665      1.79       2.3     0.662
    78/299     10.4G      1.68      2.58     0.342      4.61       149       416      0.56     0.829     0.736      0.66      1.78      2.28     0.806
    79/299     10.4G      1.69       2.5     0.285      4.47       145       352     0.521     0.841     0.734     0.639      1.78      2.24     0.552
    80/299     10.4G      1.62      2.17     0.229      4.02       145       640     0.569      0.83     0.748      0.67      1.76      2.28     0.667
    81/299     10.4G      1.63      2.33     0.296      4.26       163       576     0.539     0.835     0.726     0.652      1.73       2.3     0.695
    82/299     10.4G      1.67       2.6     0.343      4.61       177       416     0.565     0.818     0.717     0.665       1.8       2.4     0.513
    83/299     10.4G      1.63      2.26     0.243      4.13       124       640     0.563     0.837     0.751     0.672      1.77      2.32     0.449
    84/299     10.4G      1.61      2.39      0.25      4.25       142       576     0.563     0.855     0.741     0.679      1.72      2.31     0.396
    85/299     10.4G      1.62      2.19     0.252      4.07       129       512     0.592     0.846     0.774     0.693      1.73      2.33     0.507
    86/299     10.4G      1.59      2.34     0.241      4.16       169       640     0.536     0.842     0.746     0.652      1.74      2.35     0.628
    87/299     10.4G      1.61       2.4     0.269      4.29       143       320     0.573     0.837     0.754     0.675       1.7      2.25     0.715
    88/299     10.4G      1.61      2.77     0.332      4.71       152       640     0.537     0.834      0.72     0.653       1.8      2.35     0.605
    89/299     10.4G      1.62      2.45     0.236      4.31       144       480     0.534     0.827      0.72     0.646      1.82      2.43     0.565
    90/299     10.4G      1.63      2.15     0.281      4.06       158       544     0.556     0.827     0.734      0.66      1.84      2.36     0.634
    91/299     10.4G      1.59      2.43     0.373      4.39       153       576     0.535      0.84     0.712     0.653      1.74      2.29     0.759
    92/299     10.4G       1.6      2.71     0.332      4.64       147       512     0.583      0.72     0.671     0.624      1.77      2.45      1.09
    93/299     10.4G      1.56      2.26     0.284       4.1       122       512     0.587     0.831     0.754     0.685      1.78      2.35     0.434
    94/299     10.4G       1.6      2.34     0.269      4.21       141       480     0.581     0.851     0.765      0.69      1.76       2.3     0.506
    95/299     10.4G      1.54      2.22     0.229      3.99       154       544     0.574     0.842     0.758     0.682      1.72      2.35     0.655
    96/299     10.4G      1.58      2.27     0.223      4.07       167       544     0.563     0.845     0.754     0.672      1.67      2.31     0.582
    97/299     10.4G      1.55      2.39      0.22      4.16       133       576     0.606     0.793     0.744     0.684      1.73      2.39     0.553
    98/299     10.4G      1.53      2.11     0.232      3.87       157       640      0.58     0.845     0.761     0.683      1.69      2.33     0.436
    99/299     10.4G      1.54       2.4     0.261       4.2       142       448      0.54     0.854     0.749     0.661      1.67      2.37     0.469
   100/299     10.4G      1.58      2.29     0.243      4.11       136       544      0.59     0.836     0.754      0.69      1.74      2.47     0.357
   101/299     10.4G      1.53      2.23     0.256      4.02       121       512     0.609     0.804     0.748     0.688      1.73      2.39     0.718
   102/299     10.4G      1.59      2.22     0.244      4.06       155       576      0.62     0.794     0.754     0.692      1.75      2.41     0.519
   103/299     10.4G      1.52      2.11     0.236      3.87       141       576     0.568     0.845     0.748     0.679      1.72      2.33      0.48
   104/299     10.4G      1.52      2.09     0.222      3.82       142       480     0.572      0.83     0.742     0.675      1.62      2.37     0.545
   105/299     10.4G      1.53      2.08     0.204      3.82       110       640     0.559     0.825     0.732     0.666      1.72      2.43     0.463
   106/299     10.4G      1.51      2.17     0.201      3.88       139       352     0.613     0.839     0.757     0.706      1.76      2.41     0.431
   107/299     10.4G      1.47      2.11     0.246      3.82       160       640     0.574     0.839     0.731     0.678      1.76      2.43     0.615
   108/299     10.4G      1.48      2.38     0.224      4.09       156       448     0.588     0.812     0.733     0.678      1.73      2.44     0.541
   109/299     10.4G      1.53      2.02     0.208      3.76       140       480      0.61     0.824     0.767       0.7      1.72      2.37     0.424
   110/299     10.4G      1.51       2.3      0.23      4.04       123       608     0.608     0.832     0.762     0.701      1.75       2.4      0.44
   111/299     10.4G       1.5      2.49     0.228      4.22       125       320     0.582     0.848     0.772     0.689      1.73      2.43     0.383
   112/299     10.4G      1.45      2.02     0.177      3.65       119       576     0.582     0.851     0.765     0.688      1.79      2.45     0.422
   113/299     10.4G      1.49      2.32       0.2         4       149       512     0.592     0.848     0.774     0.697      1.78      2.37      0.43
   114/299     10.4G      1.42       2.2     0.203      3.83       140       448      0.63     0.785     0.756     0.697      1.75      2.48     0.463
   115/299     10.4G      1.46      2.06     0.216      3.74       173       576     0.569     0.831      0.75     0.674      1.72      2.44     0.497
   116/299     10.4G      1.45      2.16     0.291      3.91       146       640     0.585     0.842     0.745     0.689      1.77      2.43     0.519
   117/299     10.4G      1.44      2.43     0.248      4.12       123       512     0.589     0.815     0.727     0.677       1.7      2.45     0.659
   118/299     10.4G      1.45         2     0.201      3.65       159       320     0.562     0.836     0.742      0.67      1.72      2.39     0.476
   119/299     10.4G      1.47       2.5     0.214      4.18       152       512     0.591      0.83     0.739     0.689      1.73      2.45      0.53
   120/299     10.4G      1.42      2.11     0.211      3.74       115       640     0.605     0.802     0.725     0.688      1.71      2.41     0.574
   121/299     10.4G      1.42      2.12     0.164       3.7       124       480     0.642     0.821     0.761     0.719      1.71      2.43      0.41
   122/299     10.4G      1.44      2.42     0.195      4.05       192       576     0.616     0.802     0.746     0.697      1.76      2.52     0.477
   123/299     10.4G      1.49      2.27     0.196      3.95       147       352     0.647     0.788     0.752     0.709      1.72      2.51     0.422
   124/299     10.4G      1.46      2.39     0.213      4.06       145       480     0.579     0.787     0.723     0.664      1.75      2.57       0.6
   125/299     10.4G      1.42      2.18     0.188      3.79       146       320     0.581     0.824     0.733     0.679       1.7      2.47     0.534
   126/299     10.4G       1.4      2.03     0.181      3.61       178       480     0.612     0.811     0.741     0.695      1.71      2.48     0.391
   127/299     10.4G      1.41      2.06     0.217      3.68       184       608      0.57     0.828     0.753     0.674      1.71      2.45     0.611
   128/299     10.4G      1.48      2.78     0.265      4.53       168       352     0.583     0.838     0.762     0.687       1.8      2.48     0.492
   129/299     10.4G      1.37      1.97     0.174      3.51       167       480       0.6     0.827     0.759     0.694      1.71      2.46     0.469
   130/299     10.4G      1.35         2     0.139      3.49       146       480     0.599     0.836     0.757     0.695      1.69       2.5     0.488
   131/299     10.4G      1.32       1.9     0.153      3.37       106       512     0.602     0.842     0.773     0.702      1.71      2.48     0.463
   132/299     10.4G      1.38      1.93     0.166      3.47       155       448     0.591     0.831     0.761     0.691      1.73      2.41     0.394
   133/299     10.4G      1.38      2.22      0.19      3.79       154       512     0.627     0.814     0.752     0.708      1.74      2.46     0.457
   134/299     10.4G      1.34      1.93     0.168      3.44       128       608     0.591     0.846     0.751     0.694      1.67      2.44     0.614
   135/299     10.4G      1.38      1.93       0.2      3.51       106       320     0.632     0.815     0.745     0.711      1.72      2.53     0.458
   136/299     10.4G      1.33      2.04      0.17      3.55       150       320     0.602      0.83     0.757     0.698      1.73       2.5     0.473
   137/299     10.4G      1.37      2.09     0.187      3.65       150       384     0.569     0.857     0.757     0.683      1.69      2.44      0.52
   138/299     10.4G      1.34      1.94     0.161      3.44       132       384     0.626      0.82     0.753      0.71      1.71      2.49     0.435
   139/299     10.4G      1.33      2.21     0.141      3.69       167       448       0.6      0.84     0.756     0.698      1.66      2.49     0.379
   140/299     10.4G       1.3      1.85     0.144      3.29       136       512      0.65     0.822     0.766     0.726      1.66      2.56     0.418
   141/299     10.4G      1.31      1.76     0.157      3.23       152       352     0.636     0.803     0.752     0.708      1.68      2.55     0.575
   142/299     10.4G      1.32      1.88     0.157      3.36       142       640      0.63     0.808     0.756     0.708       1.7      2.57     0.434
   143/299     10.4G      1.35      2.26     0.163      3.77       117       480     0.641     0.821      0.74      0.72      1.67      2.57     0.467
   144/299     10.4G      1.26      1.76     0.129      3.15       156       576     0.633     0.828     0.758     0.717      1.66       2.5     0.462
   145/299     10.4G      1.31      1.91      0.13      3.35       147       416     0.658     0.829     0.776     0.733      1.69       2.5      0.42
   146/299     10.4G       1.3         2     0.137      3.44       150       512     0.608     0.842      0.77     0.705      1.65      2.48     0.394
   147/299     10.4G       1.3      1.89     0.143      3.33       152       352     0.631     0.816      0.76      0.71      1.67      2.48     0.462
   148/299     10.4G      1.23      1.73     0.131       3.1       152       384     0.647     0.805     0.752     0.715      1.68      2.59     0.522
   149/299     10.4G       1.3      1.94     0.214      3.46       108       352     0.626     0.769     0.718      0.68      1.71      2.57     0.873
   150/299     10.4G       1.3      2.23     0.213      3.74       172       384     0.624      0.83     0.767     0.711      1.69      2.53     0.428
   151/299     10.4G      1.33      1.93     0.169      3.43       125       576     0.579      0.85     0.746     0.686       1.7      2.46     0.497
   152/299     10.4G      1.31       2.2     0.172      3.69       108       544     0.598     0.801     0.719     0.684      1.69      2.57     0.527
   153/299     10.4G      1.26      1.92      0.15      3.33       126       384     0.639     0.799     0.749     0.709      1.72      2.63     0.399
   154/299     10.4G      1.25      1.89     0.146      3.29       138       480     0.629     0.815     0.763     0.709      1.66      2.61     0.394
   155/299     10.4G      1.24      1.67     0.149      3.06       122       448     0.655     0.798     0.762     0.716      1.68      2.58      0.41
   156/299     10.4G      1.23      2.07     0.136      3.44       147       352     0.662     0.779     0.751     0.713      1.68      2.66     0.441
   157/299     10.4G      1.24      1.53     0.142      2.91       105       576     0.635     0.809     0.763     0.711      1.67      2.56     0.509
   158/299     10.4G      1.26      1.92     0.142      3.32       109       512     0.634     0.793     0.745     0.702      1.67      2.58      0.66
   159/299     10.4G      1.25      2.17     0.173      3.59       119       480      0.65     0.812      0.75     0.721      1.71      2.63     0.553
   160/299     10.4G      1.28      2.37     0.125      3.78       122       352     0.661      0.78     0.734     0.715      1.75      2.78     0.524
   161/299     10.4G      1.23      1.92     0.139      3.29       145       512     0.648     0.809     0.749     0.719      1.73      2.63     0.525
   162/299     10.4G      1.27      2.06     0.128      3.46       145       480     0.642     0.804     0.745      0.71      1.69      2.59     0.572
   163/299     10.4G      1.24      1.86      0.14      3.24       146       448     0.662     0.805     0.763     0.726      1.67      2.63     0.402
   164/299     10.4G      1.23      1.85     0.145      3.22       166       576     0.643      0.81      0.76     0.717       1.7      2.65     0.384
   165/299     10.4G      1.22      1.85     0.143      3.21       174       576     0.669     0.781     0.745     0.719      1.71      2.73     0.452
   166/299     10.4G      1.17      1.79     0.126      3.08       149       480     0.636     0.815      0.75     0.714      1.69      2.65     0.409
   167/299     10.4G       1.2      1.86     0.137      3.19       173       448     0.614     0.819      0.75     0.702      1.67      2.62      0.45
   168/299     10.4G      1.19      1.58     0.102      2.87       152       640     0.631     0.793     0.752     0.703      1.66       2.7     0.485
   169/299     10.4G      1.26      2.14      0.11      3.51       159       480     0.639     0.782     0.743     0.703       1.7      2.72     0.602
   170/299     10.4G      1.17      1.74     0.116      3.03       140       480     0.651     0.771     0.736     0.704       1.7      2.77     0.648
   171/299     10.4G      1.18      1.54     0.095      2.82       200       640     0.649     0.786     0.735      0.71      1.72      2.73     0.599
   172/299     10.4G      1.19      1.57     0.179      2.94       133       576     0.633     0.805     0.739     0.707      1.72      2.71     0.434
   173/299     10.4G      1.25      2.02     0.167      3.44       151       640     0.629     0.801     0.738     0.705      1.73      2.75     0.513
   174/299     10.4G      1.19      1.61     0.143      2.94       163       480     0.597     0.825     0.746     0.692      1.68      2.64     0.448
   175/299     10.4G      1.18      1.74      0.14      3.06       126       352     0.633     0.796     0.739     0.702      1.67      2.72     0.492
   176/299     10.4G      1.17      1.99     0.146      3.31       179       608     0.639     0.777     0.741     0.699       1.7       2.8     0.513
   177/299     10.4G      1.18      1.68    0.0864      2.95       106       448     0.618     0.805     0.753     0.699      1.67       2.7      0.51
   178/299     10.4G      1.15      1.71     0.117      2.97       117       448     0.643     0.806     0.756     0.715      1.68       2.7     0.503
   179/299     10.4G       1.2      2.06    0.0982      3.35       128       352     0.651     0.786     0.739     0.711      1.69       2.8     0.533
   180/299     10.4G      1.12      1.74    0.0953      2.96       156       320      0.65     0.774     0.742     0.706      1.69      2.82     0.487
   181/299     10.4G      1.14      1.59     0.106      2.83       131       512     0.655     0.799     0.761     0.719      1.67      2.74     0.427
   182/299     10.4G      1.21       2.2     0.112      3.53       118       640     0.658     0.804     0.757     0.724       1.7      2.77     0.416
   183/299     10.4G      1.11      1.53    0.0997      2.75       141       576     0.686     0.796     0.762     0.737      1.68      2.77     0.455
   184/299     10.4G      1.17      1.98     0.118      3.27       133       480     0.666      0.77     0.746     0.713      1.67      2.83     0.571
   185/299     10.4G      1.15      1.87    0.0969      3.12       154       384     0.667     0.795     0.756     0.724      1.68      2.83     0.504
   186/299     10.4G      1.14       1.8     0.103      3.05       136       416     0.656     0.819     0.758     0.728      1.71      2.74     0.507
   187/299     10.4G      1.08      1.65    0.0842      2.81       124       384     0.644     0.828     0.753     0.724      1.72      2.71     0.492
   188/299     10.4G      1.15      1.92     0.134       3.2       173       320     0.673     0.794      0.76     0.728      1.71      2.77     0.561
   189/299     10.4G      1.13       1.8     0.111      3.04       160       576     0.634     0.822     0.765     0.715      1.69      2.68     0.504
   190/299     10.4G      1.11      1.68     0.106       2.9       120       640      0.64      0.82      0.76     0.718      1.67       2.7     0.565
   191/299     10.4G      1.13      1.87     0.108      3.11       141       640     0.686     0.794     0.762     0.736      1.68      2.75     0.551
   192/299     10.4G      1.12      1.84     0.111      3.07       147       416     0.697     0.793     0.769     0.741      1.71      2.75     0.571
   193/299     10.4G      1.11      1.76     0.107      2.97       168       416     0.657     0.834     0.775     0.734      1.67      2.62     0.522
   194/299     10.4G      1.12      2.02      0.11      3.25       113       576     0.652      0.84     0.768     0.734      1.66      2.68     0.471
   195/299     10.4G      1.07      1.66       0.1      2.84       156       384     0.639     0.839     0.768     0.725      1.69      2.67     0.439
   196/299     10.4G      1.04      1.77     0.107      2.91       141       320      0.66     0.809     0.758     0.726      1.68      2.78     0.476
   197/299     10.4G      1.08      1.77    0.0722      2.92       136       576     0.668     0.804     0.752     0.729      1.66      2.81     0.532
   198/299     10.4G      1.08      1.75     0.126      2.96       138       576     0.664     0.813     0.754     0.731      1.68       2.8     0.507
   199/299     10.4G       1.1      1.96     0.132      3.19        97       544     0.677     0.804     0.756     0.735      1.68      2.79     0.514
   200/299     10.4G      1.08      1.66    0.0918      2.83       131       320     0.674     0.783      0.75     0.724      1.68      2.83     0.433
   201/299     10.4G      1.08      1.67    0.0979      2.85       120       448      0.67     0.781     0.746     0.721      1.69       2.9     0.428
   202/299     10.4G      1.07      1.73    0.0947      2.89       154       320      0.67     0.793     0.755     0.725       1.7       2.8     0.391
   203/299     10.4G         1      1.49    0.0567      2.55       138       480     0.667     0.802     0.754     0.728      1.68       2.8     0.414
   204/299     10.4G      1.06      1.31    0.0644      2.44       147       416     0.668     0.786     0.743     0.722      1.69      2.84     0.433
   205/299     10.4G      1.03      1.42    0.0805      2.53       146       640     0.658     0.803     0.745     0.722      1.67       2.8     0.496
   206/299     10.4G      1.05      1.56     0.109      2.72       124       352     0.671     0.804     0.757     0.732      1.69      2.81     0.435
   207/299     10.4G      1.07      1.94    0.0945       3.1       186       480     0.676     0.805     0.765     0.734      1.68      2.81     0.469
   208/299     10.4G      1.11      1.82     0.107      3.04       147       544     0.664     0.808     0.761     0.729      1.71      2.79     0.461
   209/299     10.4G      1.06       1.8     0.102      2.96       139       448      0.66     0.819     0.758      0.73      1.72      2.79     0.446
   210/299     10.4G      1.05      1.58    0.0801      2.71       113       576     0.675     0.814     0.752     0.738       1.7      2.82     0.426
   211/299     10.4G      1.08      1.59      0.11      2.78        90       640     0.676      0.81     0.763     0.737      1.68      2.78     0.386
   212/299     10.4G      1.07      1.63    0.0991       2.8       154       384     0.688     0.802     0.768     0.741      1.67      2.81     0.417
   213/299     10.4G      1.04      1.47    0.0623      2.57       123       384     0.681       0.8     0.763     0.736      1.66      2.81     0.441
   214/299     10.4G      1.01       1.4    0.0802      2.49       143       384     0.667     0.816     0.767     0.734      1.65      2.78     0.458
   215/299     10.4G      1.06      1.57    0.0659       2.7       149       512     0.661     0.817     0.766     0.731      1.68      2.76     0.499
   216/299     10.4G      1.06      1.88    0.0781      3.02       136       384     0.662     0.803     0.756     0.725      1.68      2.82     0.463
   217/299     10.4G      1.03      1.57    0.0755      2.68       151       608      0.65     0.797     0.752     0.716      1.66       2.8     0.436
   218/299     10.4G      1.02      1.78    0.0716      2.87       147       512     0.658     0.803     0.757     0.723      1.67      2.78      0.45
   219/299     10.4G      1.03      1.67    0.0773      2.77       139       352     0.673      0.81     0.768     0.735      1.66      2.75     0.471
   220/299     10.4G      1.05       1.6    0.0809      2.73       170       352     0.674     0.813     0.771     0.737      1.65      2.79     0.481
   221/299     10.4G      1.03      1.84    0.0942      2.97       148       384     0.673     0.795     0.761     0.729      1.69      2.84     0.484
   222/299     10.4G     0.991      1.53    0.0573      2.58       140       576     0.682     0.794     0.765     0.733      1.67      2.81     0.462
   223/299     10.4G     0.977      1.38    0.0737      2.43       132       576     0.675     0.807      0.77     0.735      1.68      2.76     0.464
   224/299     10.4G     0.998      1.83    0.0771       2.9       157       512     0.693      0.79     0.765     0.738      1.71      2.82     0.484
   225/299     10.4G      1.01      1.41    0.0857      2.51       149       544     0.672     0.798     0.764      0.73      1.68      2.78     0.463
   226/299     10.4G     0.981      1.39     0.076      2.45       187       480     0.673     0.821      0.77      0.74      1.64      2.79     0.495
   227/299     10.4G      1.01      1.62     0.076      2.71       138       416     0.689     0.805     0.763     0.742      1.67       2.8     0.534
   228/299     10.4G      1.01       1.8    0.0659      2.87       133       448     0.695     0.789     0.762     0.739       1.7      2.83     0.516
   229/299     10.4G     0.989      1.37    0.0807      2.43       138       384     0.701      0.77     0.757     0.733      1.69      2.84     0.494
   230/299     10.4G         1      1.52     0.069      2.59       129       544      0.68      0.79     0.756     0.731      1.68      2.81     0.494
   231/299     10.4G     0.946      1.25    0.0575      2.25       189       640     0.666     0.803     0.761     0.728      1.68      2.78     0.446
   232/299     10.4G     0.948       1.5    0.0654      2.51       167       576      0.68     0.803     0.763     0.736      1.67      2.78     0.438
   233/299     10.4G     0.947      1.38    0.0639      2.39       148       384     0.678     0.807     0.765     0.737      1.68      2.76     0.442
   234/299     10.4G     0.935      1.47    0.0594      2.47       120       608     0.677       0.8     0.764     0.733      1.67      2.81      0.46
   235/299     10.4G     0.943      1.45    0.0582      2.45       167       512     0.688     0.795      0.76     0.737      1.68      2.86     0.429
   236/299     10.4G     0.982      1.64     0.069      2.69       122       448     0.691     0.784     0.756     0.734      1.69      2.87     0.438
   237/299     10.4G     0.983      1.58    0.0979      2.66       173       608     0.704     0.784     0.757     0.742       1.7      2.95     0.465
   238/299     10.4G     0.943      1.47    0.0789      2.49       154       352      0.69     0.796     0.759     0.739      1.68       2.9     0.475
   239/299     10.4G      1.02      1.73     0.087      2.83       171       320     0.685     0.797     0.759     0.736      1.67      2.85     0.471
   240/299     10.4G     0.948      1.48    0.0721       2.5       148       384     0.684     0.775     0.752     0.725       1.7      2.87     0.473
   241/299     10.4G     0.937      1.57     0.079      2.59       160       448     0.682     0.769     0.747     0.723       1.7      2.92     0.519
   242/299     10.4G      0.96      1.54    0.0674      2.57       135       544     0.687     0.788     0.755     0.734      1.69      2.88     0.515
   243/299     10.4G     0.942       1.6    0.0673      2.61       148       608     0.681     0.784     0.754     0.729      1.69      2.88      0.51
   244/299     10.4G     0.962      1.54    0.0685      2.57       190       384      0.68       0.8     0.755     0.735      1.68      2.88     0.499
   245/299     10.4G     0.951      1.35    0.0666      2.37       143       480     0.683     0.794     0.765     0.735      1.68      2.86     0.475
   246/299     10.4G     0.931      1.45    0.0572      2.44       155       512     0.697     0.789     0.759      0.74       1.7       2.9     0.474
   247/299     10.4G     0.923      1.43    0.0591      2.41       174       416     0.707     0.779     0.758     0.741      1.71      2.91     0.482
   248/299     10.4G     0.916      1.48    0.0519      2.45       155       384       0.7     0.787     0.755      0.74      1.72      2.92     0.512
   249/299     10.4G     0.944       1.4    0.0543       2.4       145       416     0.696     0.799     0.765     0.744      1.71      2.88     0.453
   250/299     10.4G     0.916      1.39    0.0649      2.37       147       384     0.705     0.791     0.762     0.746       1.7      2.89     0.487
   251/299     10.4G     0.927      1.56    0.0639      2.55       148       576     0.705      0.79     0.756     0.745      1.72      2.93     0.487
   252/299     10.4G     0.903      1.49    0.0625      2.46       130       576     0.699     0.774     0.755     0.734      1.72      2.95     0.519
   253/299     10.4G     0.915      1.09     0.067      2.07       143       608     0.699     0.782     0.762     0.738       1.7       2.9     0.496
   254/299     10.4G     0.944      1.58    0.0538      2.58       119       320       0.7     0.778     0.759     0.737      1.72      2.93     0.523
   255/299     10.4G     0.895       1.4    0.0534      2.34       115       640     0.696     0.777     0.758     0.734      1.71      2.92     0.512
   256/299     10.4G      0.92      1.44    0.0501      2.41       157       384     0.715     0.771      0.76     0.741      1.73      2.93     0.497
   257/299     10.4G     0.946       1.5    0.0694      2.51       119       352     0.703     0.766     0.757     0.733      1.72      2.96     0.529
   258/299     10.4G     0.905      1.33    0.0937      2.33       121       512     0.689      0.76     0.747      0.72      1.74      2.98       0.7
   259/299     10.4G     0.942      1.51    0.0451      2.49       152       608     0.682     0.763     0.745     0.719      1.74      2.96     0.726
   260/299     10.4G     0.899      1.47    0.0739      2.44       141       544     0.678     0.771     0.745     0.721      1.73      2.95     0.715
   261/299     10.4G      0.94      1.47     0.064      2.47       151       352     0.689     0.772     0.746     0.728      1.72      2.97      0.69
   262/299     10.4G     0.924      1.59    0.0569      2.57       151       448     0.699     0.767     0.752      0.73      1.71      2.98     0.695
   263/299     10.4G     0.903      1.33    0.0435      2.28       141       640      0.69     0.773     0.755     0.728      1.71      2.95     0.621
   264/299     10.4G     0.938      1.46    0.0532      2.45       175       384      0.69     0.783     0.759     0.733      1.72      2.94     0.628
   265/299     10.4G     0.919      1.53    0.0587      2.51       150       320     0.694     0.785      0.76     0.736      1.72      2.94     0.631
   266/299     10.4G     0.916      1.54    0.0568      2.51       121       640     0.694     0.784     0.755     0.736      1.72      2.95     0.683
   267/299     10.4G     0.906      1.58    0.0769      2.57       123       448     0.692     0.784     0.754     0.735      1.72      2.96     0.664
   268/299     10.4G     0.869      1.31    0.0645      2.24       165       352     0.693     0.791     0.762     0.738      1.71      2.93     0.604
   269/299     10.4G     0.896      1.36    0.0586      2.32       124       544     0.687     0.795     0.763     0.737      1.71      2.93     0.588
   270/299     10.4G     0.914      1.32    0.0432      2.27       113       608     0.684     0.794     0.766     0.735      1.71       2.9     0.567
   271/299     10.4G     0.892      1.49    0.0559      2.44       133       448     0.686     0.789     0.761     0.733      1.72      2.93     0.567
   272/299     10.4G     0.919      1.48    0.0698      2.47       144       640     0.682     0.779     0.754     0.727      1.73      2.98      0.58
   273/299     10.4G     0.926      1.48    0.0449      2.45       137       416     0.689     0.775      0.75     0.729      1.74      3.03     0.591
   274/299     10.4G     0.855      1.27    0.0501      2.18       150       352     0.695     0.773     0.755     0.732      1.73      3.01     0.597
   275/299     10.4G     0.913      1.45    0.0523      2.41       189       640     0.701     0.772     0.755     0.734      1.73      2.99     0.581
   276/299     10.4G     0.911      1.48    0.0574      2.45       115       640     0.691      0.78     0.756     0.732      1.72      2.98     0.563
   277/299     10.4G     0.888      1.58    0.0437      2.51       140       480     0.696     0.775     0.752     0.733      1.73      2.99     0.577
   278/299     10.4G     0.904      1.54    0.0531       2.5       122       480     0.699     0.775     0.756     0.735      1.71      2.99     0.556
   279/299     10.4G     0.891      1.53     0.041      2.46       134       320     0.693     0.768     0.752     0.728      1.72      3.02     0.569
   280/299     10.4G     0.899       1.5    0.0424      2.44       157       320     0.695      0.76      0.75     0.725      1.74      3.03     0.572
   281/299     10.4G     0.929      1.65    0.0539      2.63       149       512     0.699     0.769     0.752     0.732      1.74      3.03     0.591
   282/299     10.4G     0.876       1.3    0.0348      2.21       122       512     0.692     0.782     0.758     0.734      1.71      2.94     0.541
   283/299     10.4G     0.841       1.2    0.0461      2.09       130       448     0.679      0.79      0.76      0.73      1.71      2.92      0.52
   284/299     10.4G     0.875      1.37    0.0681      2.31       137       416     0.681     0.778     0.754     0.726      1.72      2.97     0.511
   285/299     10.4G     0.898      1.54    0.0555      2.49       154       320     0.693     0.774     0.753     0.731      1.73      2.99     0.482
   286/299     10.4G     0.866       1.4    0.0492      2.32       150       640     0.688     0.767     0.751     0.725      1.75      3.01     0.501
   287/299     10.4G     0.875      1.37    0.0377      2.28       157       576     0.692     0.769     0.752     0.728      1.75      3.01     0.493
   288/299     10.4G     0.895      1.51    0.0534      2.46       195       352     0.695     0.766     0.748     0.728      1.75      3.04     0.491
   289/299     10.4G     0.847      1.16    0.0454      2.05       139       576     0.691     0.772     0.752     0.729      1.74      3.02     0.469
   290/299     10.4G     0.891      1.25    0.0368      2.18       157       608     0.695     0.778     0.758     0.733      1.73         3     0.471
   291/299     10.4G     0.888      1.29    0.0751      2.25       145       320      0.69     0.781     0.758     0.732      1.72      2.98     0.486
   292/299     10.4G     0.877      1.43     0.055      2.36       110       480     0.692     0.776     0.756     0.731      1.72      3.02     0.511
   293/299     10.4G     0.918      1.73    0.0537      2.71       148       320     0.697     0.768     0.751      0.73      1.75      3.06     0.548
   294/299     10.4G     0.856       1.2    0.0502       2.1       142       320     0.695     0.779     0.755     0.734      1.74      3.02     0.511
   295/299     10.4G     0.907      1.54    0.0544       2.5       124       320     0.698     0.759     0.752     0.727      1.74      3.05     0.514
   296/299     10.4G     0.886      1.44    0.0432      2.36       123       576     0.702      0.77     0.754     0.734      1.74      3.03     0.503
   297/299     10.4G     0.921      1.77    0.0456      2.74       110       320     0.704     0.764     0.749     0.732      1.75      3.06     0.538
   298/299     10.4G     0.942      1.72    0.0723      2.74       189       320     0.697     0.765      0.75     0.729      1.75      3.04     0.558
   299/299     10.4G     0.908      1.57    0.0401      2.52       162       512     0.701     0.761     0.751     0.729      1.75      3.05     0.571
