     0/299     10.3G       4.4      6.88      3.13      14.4       130       352     0.195     0.417     0.187     0.229      2.82      2.87       2.8
     1/299     10.4G      3.12      4.37      2.41      9.91       140       384     0.299      0.76     0.514     0.413      3.34      2.52      1.44
     2/299     10.4G      2.94      3.87      1.59       8.4       109       384      0.33     0.278     0.201     0.278      3.13      3.02      2.79
     3/299     10.4G      2.76      3.99      1.31      8.06       130       608     0.531     0.497     0.495      0.51       2.6      2.65      1.33
     4/299     10.4G       2.5      3.78      1.19      7.47       149       512     0.425     0.732     0.567     0.519      2.08       2.2      1.27
     5/299     10.4G      2.41      3.68      1.03      7.12       135       480     0.508     0.834     0.734     0.623      1.97         2     0.583
     6/299     10.4G      2.27      3.35     0.814      6.43       137       320      0.46     0.906     0.768     0.605      1.84      2.02     0.381
     7/299     10.4G      2.24      3.38     0.818      6.44       136       640     0.482     0.879     0.761     0.621      1.94      1.95     0.398
     8/299     10.4G      2.19      3.48     0.733       6.4       136       352     0.481     0.869     0.746     0.605      1.81      2.04     0.586
     9/299     10.4G      2.16      3.17     0.708      6.04       156       512     0.415     0.908     0.749     0.567      1.68      1.99     0.464
    10/299     10.4G      2.12      3.58     0.623      6.33       166       416     0.545     0.892     0.802     0.675      1.67      1.79     0.338
    11/299     10.4G      2.01      3.23      0.55       5.8       127       576     0.472     0.926      0.79     0.625      1.61      1.95     0.241
    12/299     10.4G      1.98      2.98     0.543      5.51       117       544     0.468     0.847     0.733     0.577      1.64      1.95     0.904
    13/299     10.4G      1.98      3.11     0.596      5.69       143       576     0.555     0.875     0.809     0.675      1.56       1.8     0.327
    14/299     10.4G      1.96      2.78     0.462       5.2       149       640     0.578     0.938     0.852     0.712      1.52      1.68     0.216
    15/299     10.4G      1.93      3.06     0.564      5.55       152       480     0.546      0.93     0.838     0.681      1.56      1.73     0.357
    16/299     10.4G      1.91      2.84     0.488      5.23       154       480     0.505     0.944      0.83     0.655      1.49      1.78     0.266
    17/299     10.4G      1.89      3.08     0.492      5.46       128       448     0.525     0.945     0.839     0.673      1.48      1.78     0.189
    18/299     10.4G      1.84      2.95      0.47      5.26       155       608     0.596     0.937     0.873     0.728      1.45      1.68     0.196
    19/299     10.4G      1.83      2.78     0.429      5.04       140       576     0.575     0.929     0.854     0.703      1.41      1.67     0.294
    20/299     10.4G      1.81      2.68     0.409      4.91       152       608     0.644      0.93     0.882      0.76      1.39      1.61     0.225
    21/299     10.4G      1.87      3.19     0.685      5.74       160       384     0.492     0.936     0.818     0.642      1.43      1.86     0.184
    22/299     10.4G      1.81       2.9     0.446      5.16       166       480     0.595     0.946     0.885     0.729       1.4      1.61     0.157
    23/299     10.4G      1.74      2.75     0.389      4.88       133       416     0.578      0.91     0.838     0.697      1.45      1.72     0.317
    24/299     10.4G      1.76      2.62     0.369      4.75       166       576     0.521     0.963     0.865     0.675      1.38      1.65     0.183
    25/299     10.4G      1.74      2.57     0.365      4.67       143       384     0.552     0.961     0.884     0.699       1.3      1.58     0.125
    26/299     10.4G      1.71      2.56     0.329      4.61       136       544     0.552     0.974     0.893     0.703      1.27      1.56    0.0975
    27/299     10.4G       1.7      2.72     0.323      4.75       148       640     0.577     0.961     0.883      0.72      1.28      1.52    0.0936
    28/299     10.4G      1.69      2.66     0.338      4.68       126       352     0.542     0.968     0.878     0.692      1.33      1.59     0.188
    29/299     10.4G      1.67      2.66      0.35      4.67       136       352     0.575     0.965     0.895     0.719      1.28      1.48     0.216
    30/299     10.4G      1.69      2.82     0.367      4.87       165       480       0.6     0.924     0.861     0.718       1.3      1.59     0.251
    31/299     10.4G      1.67      2.73     0.331      4.73       182       640     0.602     0.964     0.898      0.74      1.27      1.53     0.072
    32/299     10.4G      1.62      2.47     0.275      4.37       134       320     0.631      0.95     0.898     0.756      1.24      1.47     0.264
    33/299     10.4G      1.62       2.4     0.269      4.29       145       480     0.694     0.957     0.921     0.802      1.31       1.4     0.103
    34/299     10.4G      1.58      2.36       0.3      4.24       157       512     0.671     0.968     0.927     0.791      1.23      1.37     0.101
    35/299     10.4G      1.62      2.45     0.303      4.38       145       640     0.596     0.963     0.903     0.733      1.25      1.49     0.137
    36/299     10.4G      1.58       2.3     0.273      4.15       159       576     0.636     0.972     0.916     0.765      1.16      1.37     0.129
    37/299     10.4G      1.56      2.53     0.264      4.36       180       512     0.597      0.96     0.903     0.734      1.25      1.46     0.125
    38/299     10.4G      1.53      2.17     0.244      3.94       145       512     0.599     0.979     0.916      0.74      1.18      1.41     0.086
    39/299     10.4G      1.56      2.59     0.243      4.39       140       416     0.642      0.93     0.878     0.755      1.27      1.52     0.222
    40/299     10.4G      1.54      2.33     0.271      4.14       168       544     0.621     0.969     0.909     0.754      1.21      1.44     0.122
    41/299     10.4G       1.5      2.29     0.248      4.04       154       320     0.641     0.975      0.92     0.773      1.19      1.37    0.0795
    42/299     10.4G      1.51       2.2     0.226      3.94       162       640     0.632     0.979     0.934     0.767      1.16      1.34    0.0945
    43/299     10.4G      1.52      2.19     0.245      3.95       146       544     0.634     0.968     0.922     0.763      1.12      1.33     0.173
    44/299     10.4G      1.51      2.29      0.28      4.08       113       480     0.668     0.963      0.92     0.788      1.16      1.31     0.249
    45/299     10.4G      1.52       2.4     0.259      4.18       135       608     0.645     0.977     0.934     0.777      1.16      1.33    0.0728
    46/299     10.4G      1.47      2.39     0.236      4.09       142       512     0.693     0.958     0.925     0.803      1.17      1.33    0.0786
    47/299     10.4G      1.49      2.27      0.24         4       167       320     0.644     0.967     0.919     0.771      1.14      1.35     0.177
    48/299     10.4G      1.47      2.38     0.251       4.1       163       416     0.651     0.963     0.918     0.774      1.15      1.34     0.213
    49/299     10.4G      1.49      2.32     0.255      4.07       143       576     0.641     0.976     0.923     0.774      1.15      1.35    0.0662
    50/299     10.4G      1.44      2.02     0.224      3.67       167       576      0.64     0.982     0.938     0.773      1.08       1.3     0.059
    51/299     10.4G      1.47      2.33     0.259      4.07       124       576     0.669     0.969     0.925      0.79      1.11      1.35    0.0767
    52/299     10.4G      1.46      2.14     0.226      3.82       164       544     0.594     0.976     0.921     0.736      1.09      1.34     0.114
    53/299     10.4G      1.45      2.27      0.22      3.93       122       640     0.677     0.973     0.933     0.798      1.15      1.31    0.0488
    54/299     10.4G      1.45      2.33      0.21      3.98       145       480      0.69     0.976     0.938     0.808      1.11      1.29    0.0652
    55/299     10.4G      1.44      2.12     0.234      3.79       124       640     0.623     0.975     0.917     0.758       1.1      1.38    0.0873
    56/299     10.4G      1.48      2.25     0.373       4.1       170       640     0.614     0.977     0.924     0.752      1.13      1.35    0.0698
    57/299     10.4G      1.47      1.99     0.274      3.74       130       416      0.69     0.975     0.941     0.808      1.12      1.24    0.0696
    58/299     10.4G      1.44      2.25     0.225      3.91       180       448     0.641      0.98     0.927     0.773      1.08      1.29    0.0621
    59/299     10.4G      1.45      2.23     0.222       3.9       151       608     0.653     0.973     0.933      0.78      1.09      1.29     0.133
    60/299     10.4G      1.42      2.14     0.236       3.8       171       352     0.698     0.982      0.95     0.815      1.05       1.2     0.116
    61/299     10.4G      1.42      2.17     0.337      3.93       161       512     0.626     0.974     0.928     0.761       1.1      1.35    0.0835
    62/299     10.4G      1.43      2.14     0.259      3.83       176       640     0.723     0.977     0.954     0.831      1.05      1.19    0.0616
    63/299     10.4G      1.43      2.14     0.232       3.8       138       384     0.642     0.978     0.935     0.773      1.07      1.29     0.156
    64/299     10.4G      1.39      2.09      0.21      3.69       156       640     0.677     0.975     0.944     0.796      1.05      1.24     0.128
    65/299     10.4G      1.38      2.13      0.21      3.73       152       512     0.703     0.976     0.948     0.816      1.02      1.19     0.122
    66/299     10.4G      1.37      2.08     0.216      3.67       113       384     0.734     0.985     0.959     0.841      1.04      1.17    0.0387
    67/299     10.4G      1.39      2.15     0.216      3.75        99       352     0.669     0.979      0.94     0.793      1.07      1.25    0.0713
    68/299     10.4G      1.37      2.12     0.242      3.74       136       416     0.663     0.977     0.934     0.789      1.09      1.33    0.0571
    69/299     10.4G      1.39      2.32     0.211      3.92       133       448     0.664     0.984     0.942     0.793      1.05      1.24    0.0437
    70/299     10.4G      1.37      1.97     0.188      3.52       172       384      0.68     0.981     0.946     0.802      1.01      1.17    0.0519
    71/299     10.4G      1.37       2.1     0.222      3.69       146       512      0.75     0.973     0.951     0.847      1.03      1.17    0.0431
    72/299     10.4G      1.35      2.02     0.163      3.54       203       384     0.714     0.983     0.953     0.826      1.02      1.15    0.0429
    73/299     10.4G      1.35      2.16     0.217      3.73       162       448     0.667     0.977      0.94      0.79      1.03      1.21    0.0847
    74/299     10.4G      1.37       2.3     0.187      3.85       144       480     0.699     0.987     0.952     0.818      1.02      1.17    0.0335
    75/299     10.4G      1.33      2.08     0.182      3.59       159       640     0.706     0.983     0.954     0.821      1.03      1.16    0.0395
    76/299     10.4G      1.33      2.05     0.177      3.56       147       320     0.717     0.984     0.956     0.829     0.987      1.13    0.0342
    77/299     10.4G      1.32      1.95     0.176      3.44       142       544     0.729     0.976     0.953     0.833      1.02      1.14     0.137
    78/299     10.4G      1.31      2.01     0.169       3.5       149       320     0.691      0.99     0.961     0.814     0.976      1.12    0.0474
    79/299     10.4G      1.31      1.88     0.201      3.39       191       384     0.752     0.979     0.962      0.85     0.985      1.09    0.0605
    80/299     10.4G      1.31      2.11     0.158      3.58       137       448     0.712     0.988     0.958     0.827     0.963       1.1    0.0405
    81/299     10.4G      1.28      1.93     0.159      3.37       126       320     0.735     0.988     0.962     0.843      0.94      1.08    0.0758
    82/299     10.4G      1.29      2.03     0.167      3.49       172       448     0.688     0.991     0.954     0.812     0.964      1.14    0.0353
    83/299     10.4G      1.28      1.92     0.129      3.33       163       608     0.723     0.986      0.96     0.834     0.941      1.08    0.0427
    84/299     10.4G      1.28      2.02     0.191       3.5       126       384     0.695     0.984     0.954     0.814     0.971      1.11    0.0419
    85/299     10.4G      1.26      1.85     0.153      3.26       132       512     0.704     0.987     0.959     0.821     0.945      1.09    0.0347
    86/299     10.4G      1.27      1.95     0.158      3.38       120       544     0.703     0.987     0.953     0.821     0.943      1.12    0.0433
    87/299     10.4G      1.26      2.02     0.173      3.45       195       384     0.765     0.984     0.964     0.861     0.937      1.07    0.0338
    88/299     10.4G      1.26      1.97     0.135      3.37       142       352     0.709     0.988      0.96     0.825     0.937      1.09    0.0342
    89/299     10.4G      1.23      1.97     0.148      3.35       153       352     0.737      0.98     0.956     0.841     0.957      1.09    0.0289
    90/299     10.4G      1.26      1.94     0.162      3.36       154       608     0.718     0.985     0.959      0.83     0.937      1.09    0.0277
    91/299     10.4G      1.27      2.08     0.165      3.51       169       512     0.723     0.981     0.956     0.832      0.96      1.09    0.0469
    92/299     10.4G      1.24      1.95     0.162      3.35       166       512     0.757     0.982     0.959     0.855     0.945      1.07      0.05
    93/299     10.4G      1.24      1.88     0.138      3.26       194       448     0.762     0.987     0.967     0.859     0.911      1.03    0.0306
    94/299     10.4G      1.23      1.92      0.14      3.29       159       352     0.792     0.985     0.968     0.877     0.926      1.01    0.0365
    95/299     10.4G      1.19      1.88     0.126       3.2       130       448     0.731     0.986     0.962     0.839     0.906      1.04    0.0267
    96/299     10.4G       1.2      1.84     0.113      3.15       160       608     0.735     0.988     0.961     0.843      0.91      1.03    0.0346
    97/299     10.4G       1.2      1.93     0.123      3.26       159       384     0.748     0.988     0.965     0.851     0.911      1.02    0.0284
    98/299     10.4G      1.21       1.9     0.167      3.28       164       544     0.733     0.987     0.964     0.841     0.916      1.04    0.0335
    99/299     10.4G      1.23      1.78     0.158      3.17       162       480     0.736     0.991     0.967     0.844      0.89      1.01    0.0421
   100/299     10.4G      1.22      1.88      0.14      3.24       164       448      0.75     0.987     0.966     0.851     0.889      1.04    0.0297
   101/299     10.4G      1.19       1.9     0.133      3.22       157       384     0.757     0.986     0.968     0.856     0.895      1.01    0.0465
   102/299     10.4G       1.2      1.94     0.121      3.26       173       448     0.767     0.986     0.969     0.863     0.884     0.999    0.0363
   103/299     10.4G      1.19      1.94     0.158      3.29       108       320     0.723     0.989     0.963     0.834     0.888      1.04    0.0366
   104/299     10.4G      1.21       1.9     0.148      3.26       152       608      0.76     0.987     0.967     0.858     0.899      1.02    0.0284
   105/299     10.4G      1.19      1.84     0.135      3.16       121       416     0.761     0.989     0.969      0.86     0.861     0.996    0.0365
   106/299     10.4G      1.15      1.84     0.131      3.13       148       608     0.756     0.983     0.966     0.854     0.875         1    0.0303
   107/299     10.4G      1.16      1.75     0.129      3.04       146       384     0.759     0.987     0.968     0.857     0.859         1    0.0234
   108/299     10.4G      1.16      1.83     0.121      3.11       142       384     0.734     0.992     0.967     0.843     0.859     0.993    0.0269
   109/299     10.4G      1.19      1.93     0.164      3.28       131       320     0.729     0.988     0.964     0.839     0.867      1.03    0.0387
   110/299     10.4G      1.19      1.89     0.155      3.24       117       544     0.736     0.984     0.964     0.842     0.873      1.01      0.03
   111/299     10.4G      1.16      1.66     0.122      2.94       131       416     0.762     0.991     0.971      0.86     0.836     0.973    0.0255
   112/299     10.4G      1.19      1.92     0.106      3.21       125       352      0.79     0.987     0.974     0.877     0.859     0.939    0.0238
   113/299     10.4G      1.13      1.78      0.12      3.03       138       544     0.774     0.987     0.971     0.867     0.832     0.951    0.0309
   114/299     10.4G      1.13      1.66     0.113      2.91       145       576     0.804     0.987     0.974     0.886     0.841     0.917    0.0276
   115/299     10.4G      1.15      1.88     0.129      3.16       130       576      0.77     0.989      0.97     0.865     0.847     0.954    0.0254
   116/299     10.4G      1.15      1.81     0.128      3.09       164       384     0.786     0.988     0.973     0.875     0.852     0.948    0.0226
   117/299     10.4G      1.13      1.82     0.128      3.08       168       480     0.769     0.988     0.971     0.865     0.865     0.943    0.0263
   118/299     10.4G      1.14      1.71      0.13      2.98       156       416     0.786     0.989     0.975     0.876     0.819     0.901    0.0271
   119/299     10.4G      1.12      1.79      0.11      3.02       156       608     0.785     0.987     0.974     0.874     0.845     0.922    0.0249
   120/299     10.4G      1.13      1.82     0.101      3.06       150       352     0.787     0.987     0.975     0.875     0.827     0.911    0.0277
   121/299     10.4G      1.11      1.62    0.0981      2.83       175       576     0.789     0.988     0.976     0.877      0.81       0.9    0.0233
   122/299     10.4G      1.12      1.69     0.136      2.94       165       640     0.792     0.989     0.975     0.879     0.816     0.889     0.025
   123/299     10.4G      1.13      1.97     0.142      3.24       115       480     0.789     0.984     0.973     0.875     0.848     0.916    0.0258
   124/299     10.4G      1.13      1.83     0.113      3.07       136       640       0.8     0.985      0.97     0.883     0.834     0.922    0.0534
   125/299     10.4G       1.1      1.77     0.114      2.99       136       512      0.79     0.988     0.973     0.877      0.84     0.926    0.0241
   126/299     10.4G      1.09      1.65    0.0937      2.84       119       576      0.79     0.991     0.976     0.879     0.817     0.876    0.0228
   127/299     10.4G      1.09       1.7     0.115      2.91       133       352     0.792      0.99     0.977      0.88     0.813     0.857    0.0235
   128/299     10.4G      1.12      1.75     0.116      2.99       122       448     0.786     0.989     0.976     0.875     0.821     0.878    0.0216
   129/299     10.4G       1.1      1.65     0.116      2.87       134       608     0.791     0.989     0.976     0.879     0.797     0.868    0.0208
   130/299     10.4G      1.07      1.64    0.0885       2.8       131       608     0.803     0.988     0.975     0.886     0.797     0.872    0.0264
   131/299     10.4G       1.1      1.68     0.112      2.89       140       384     0.817      0.99     0.979     0.895     0.788     0.851    0.0233
   132/299     10.4G      1.06       1.5    0.0966      2.66       154       576     0.802     0.988     0.978     0.885     0.764     0.855    0.0243
   133/299     10.4G      1.08      1.56     0.106      2.75       161       448     0.807     0.989     0.979     0.888     0.747     0.838    0.0224
   134/299     10.4G      1.05      1.73     0.106      2.88       150       352     0.813     0.988     0.976     0.892     0.765     0.851    0.0234
   135/299     10.4G      1.06       1.6     0.108      2.77       150       640     0.799      0.99     0.977     0.884     0.769      0.85    0.0218
   136/299     10.4G      1.06      1.63    0.0882      2.78       168       352     0.802      0.99     0.977     0.886     0.751     0.835    0.0233
   137/299     10.4G      1.04      1.49    0.0867      2.61       125       544     0.795      0.99     0.977     0.882     0.738     0.843    0.0292
   138/299     10.4G      1.07      1.84     0.097      3.01       137       448     0.803     0.988     0.975     0.886     0.781     0.877    0.0215
   139/299     10.4G      1.05      1.62     0.107      2.78       137       544     0.802     0.989     0.974     0.885     0.767     0.869    0.0223
   140/299     10.4G      1.05      1.76    0.0949       2.9       138       352     0.807      0.99     0.975     0.889     0.792     0.873     0.021
   141/299     10.4G      1.04      1.68    0.0817       2.8       156       608     0.814     0.989     0.976     0.893     0.796     0.871    0.0209
   142/299     10.4G      1.02      1.57    0.0962      2.69       128       480     0.821     0.989     0.979     0.897     0.766     0.839    0.0199
   143/299     10.4G      1.06      1.76    0.0883      2.91       145       448     0.813      0.99     0.978     0.892     0.761     0.834    0.0207
   144/299     10.4G      1.01      1.59    0.0742      2.68       144       448     0.814     0.992      0.98     0.894      0.76      0.83    0.0207
   145/299     10.4G      1.02      1.52     0.105      2.64       149       320     0.825     0.991      0.98       0.9     0.732      0.81    0.0191
   146/299     10.4G         1      1.62    0.0916      2.71       158       352     0.815     0.991     0.979     0.894     0.738     0.817    0.0206
   147/299     10.4G      1.03      1.63    0.0865      2.74       126       352     0.809      0.99     0.977      0.89     0.743     0.822    0.0267
   148/299     10.4G     0.988      1.57    0.0695      2.63       171       320      0.81      0.99     0.977     0.891      0.73     0.821    0.0197
   149/299     10.4G      1.01       1.6    0.0874       2.7       159       448     0.814     0.988     0.977     0.892     0.739     0.833    0.0204
   150/299     10.4G         1      1.55    0.0898      2.64       116       320     0.815     0.989     0.977     0.893     0.729     0.832    0.0294
   151/299     10.4G      1.02      1.57    0.0924      2.68       147       512     0.818     0.988     0.977     0.895     0.731     0.828    0.0173
   152/299     10.4G     0.993      1.59    0.0798      2.66       170       448     0.824     0.989     0.978     0.899     0.736     0.826     0.017
   153/299     10.4G         1       1.6    0.0806      2.69       122       384     0.832      0.99     0.979     0.903     0.742     0.817    0.0177
   154/299     10.4G     0.996      1.65    0.0956      2.74       164       416     0.828      0.99     0.979     0.901      0.75     0.827    0.0162
   155/299     10.4G         1      1.62     0.099      2.72       139       320     0.805      0.99     0.977     0.888     0.748     0.841    0.0162
   156/299     10.4G         1      1.68     0.088      2.77       181       384     0.822     0.988     0.978     0.897     0.773     0.833    0.0186
   157/299     10.4G     0.982      1.49    0.0744      2.54       123       352     0.813      0.99      0.98     0.892      0.75      0.82    0.0184
   158/299     10.4G      0.98      1.49    0.0712      2.54       177       640     0.809     0.991     0.979     0.891     0.728     0.813    0.0168
   159/299     10.4G     0.975      1.49    0.0858      2.55       136       480     0.818     0.991     0.981     0.896     0.707     0.786    0.0185
   160/299     10.4G     0.965      1.58    0.0768      2.62       160       352     0.815     0.989      0.98     0.893     0.717     0.791    0.0188
   161/299     10.4G      0.94      1.55    0.0692      2.56       148       320     0.815     0.991      0.98     0.894      0.72       0.8    0.0178
   162/299     10.4G     0.955       1.5    0.0774      2.53       137       416     0.825     0.991     0.981       0.9     0.714     0.786    0.0181
   163/299     10.4G     0.957      1.52    0.0721      2.55       117       576     0.816     0.991      0.98     0.895     0.723     0.793    0.0192
   164/299     10.4G     0.952      1.58     0.084      2.62       145       448     0.825     0.989     0.979       0.9     0.723     0.786    0.0204
   165/299     10.4G     0.988      1.65     0.109      2.75       152       320     0.811      0.99     0.978     0.891     0.732     0.798    0.0455
   166/299     10.4G     0.961      1.39     0.102      2.46       159       608     0.806     0.991     0.979     0.889     0.706     0.784    0.0232
   167/299     10.4G     0.963      1.64    0.0724      2.67       129       352     0.813     0.992     0.979     0.893     0.713     0.782    0.0193
   168/299     10.4G     0.931       1.5     0.064       2.5       133       640     0.824     0.991      0.98       0.9     0.712     0.778    0.0165
   169/299     10.4G     0.958      1.55     0.101      2.61       135       576     0.834      0.99     0.981     0.905      0.71     0.767     0.015
   170/299     10.4G     0.939      1.59    0.0713       2.6       111       384      0.83      0.99      0.98     0.903     0.713     0.774    0.0138
   171/299     10.4G      0.96      1.54    0.0886      2.59       163       608     0.821     0.991     0.979     0.898     0.706     0.775    0.0134
   172/299     10.4G     0.956       1.5     0.104      2.56       161       640     0.828      0.99      0.98     0.901     0.702     0.769    0.0131
   173/299     10.4G     0.944      1.49    0.0854      2.51       168       576     0.828     0.991      0.98     0.902     0.701     0.764    0.0132
   174/299     10.4G     0.928      1.47    0.0743      2.47       122       480     0.827     0.991     0.981     0.901     0.696     0.756    0.0133
   175/299     10.4G     0.934      1.52     0.083      2.54       110       544     0.827     0.991      0.98     0.902     0.692     0.759    0.0139
   176/299     10.4G     0.921      1.43    0.0755      2.43       132       512     0.826     0.991      0.98     0.901     0.681     0.754    0.0156
   177/299     10.4G     0.905      1.43    0.0695       2.4       135       576     0.828     0.992     0.981     0.903      0.69     0.756     0.017
   178/299     10.4G     0.902      1.33    0.0702      2.31       161       544     0.823     0.992     0.981       0.9     0.679     0.756    0.0185
   179/299     10.4G     0.904      1.34     0.063      2.31       132       448     0.826     0.992     0.982     0.901      0.66     0.743    0.0197
   180/299     10.4G     0.897      1.47    0.0731      2.44       167       352     0.838     0.993     0.983     0.908     0.658     0.729    0.0156
   181/299     10.4G     0.886      1.42    0.0586      2.36       178       576     0.834     0.993     0.983     0.907      0.66     0.725     0.015
   182/299     10.4G     0.908      1.42     0.104      2.43       178       512     0.841     0.993     0.983      0.91     0.664     0.718    0.0146
   183/299     10.4G     0.896      1.44    0.0679      2.41       128       480     0.842     0.992     0.983     0.911     0.668     0.718    0.0129
   184/299     10.4G     0.893       1.3    0.0676      2.26       162       512     0.843     0.992     0.984     0.911     0.661     0.712     0.013
   185/299     10.4G     0.883      1.34     0.068      2.29       154       640     0.844     0.992     0.984     0.912     0.655     0.708    0.0133
   186/299     10.4G      0.91       1.5     0.086       2.5       167       640     0.844     0.991     0.983     0.911     0.657     0.714    0.0128
   187/299     10.4G     0.892      1.43    0.0731       2.4       141       416     0.851     0.991     0.984     0.916     0.656      0.71    0.0117
   188/299     10.4G     0.891      1.43    0.0856       2.4       130       544     0.846     0.992     0.983     0.913     0.664     0.716    0.0128
   189/299     10.4G     0.909      1.54    0.0671      2.52       136       416     0.836     0.992     0.982     0.907     0.667     0.725    0.0139
   190/299     10.4G     0.867      1.37    0.0609      2.29       145       320     0.838     0.992     0.982     0.908     0.658      0.72    0.0123
   191/299     10.4G     0.877       1.3    0.0596      2.23       153       640     0.837     0.992     0.983     0.908     0.654     0.716    0.0121
   192/299     10.4G     0.853       1.4    0.0517       2.3       151       416     0.836     0.992     0.983     0.907     0.649     0.717    0.0114
   193/299     10.4G     0.859      1.42    0.0627      2.34       155       416     0.839     0.991     0.983     0.908     0.652     0.717    0.0113
   194/299     10.4G     0.879       1.5    0.0611      2.44       152       416     0.841     0.991     0.982      0.91      0.66     0.716    0.0112
   195/299     10.4G     0.863      1.47    0.0473      2.38       161       320     0.839     0.991     0.983     0.909     0.658     0.716    0.0111
   196/299     10.4G     0.849      1.33    0.0527      2.23       160       416     0.838     0.991     0.982     0.908     0.651     0.713    0.0119
   197/299     10.4G     0.832      1.31    0.0506      2.19       124       512     0.838     0.991     0.982     0.908      0.65     0.712     0.012
   198/299     10.4G      0.85      1.34     0.053      2.24       123       480     0.839     0.992     0.983     0.909     0.642     0.704    0.0122
   199/299     10.4G     0.845      1.33    0.0578      2.23       144       544     0.845     0.991     0.984     0.912     0.641       0.7    0.0117
   200/299     10.4G     0.842      1.43    0.0413      2.31       154       512     0.848      0.99     0.984     0.914     0.643     0.701    0.0124
   201/299     10.4G     0.835      1.39    0.0549      2.28       167       608     0.849      0.99     0.984     0.914     0.647     0.702    0.0125
   202/299     10.4G     0.859      1.48    0.0547       2.4       126       640     0.846     0.991     0.983     0.913     0.654     0.708    0.0126
   203/299     10.4G     0.824      1.28    0.0535      2.16       183       416     0.852      0.99     0.984     0.916     0.649     0.704    0.0137
   204/299     10.4G     0.823      1.36    0.0473      2.23       135       576     0.855      0.99     0.984     0.917     0.648     0.702    0.0144
   205/299     10.4G     0.819      1.41    0.0472      2.28       158       320     0.856     0.989     0.984     0.918     0.654     0.705    0.0152
   206/299     10.4G      0.81      1.27    0.0448      2.12       155       576     0.858      0.99     0.984     0.919     0.653     0.701    0.0148
   207/299     10.4G     0.826       1.4    0.0562      2.28       141       384     0.857      0.99     0.984     0.919     0.653       0.7    0.0142
   208/299     10.4G      0.83      1.31    0.0485      2.19       116       480     0.862      0.99     0.984     0.922     0.651     0.698    0.0134
   209/299     10.4G      0.82      1.32    0.0532      2.19       112       352      0.86     0.989     0.984      0.92     0.648     0.698    0.0128
   210/299     10.4G     0.795       1.3    0.0467      2.14       195       640     0.859      0.99     0.984      0.92      0.65     0.698    0.0122
   211/299     10.4G     0.816      1.41    0.0496      2.28       144       352     0.856      0.99     0.984     0.918      0.65     0.699    0.0116
   212/299     10.4G     0.813      1.25    0.0534      2.12       166       480     0.856     0.991     0.984     0.918     0.641     0.694    0.0106
   213/299     10.4G     0.802      1.32    0.0505      2.18       173       512     0.855     0.991     0.984     0.918     0.643     0.694    0.0106
   214/299     10.4G     0.791      1.34    0.0494      2.18       146       576     0.857     0.991     0.985     0.919     0.646     0.694    0.0107
   215/299     10.4G     0.791      1.32    0.0442      2.16       159       576     0.856     0.991     0.985     0.919     0.644     0.695    0.0108
   216/299     10.4G      0.77      1.22    0.0394      2.02       165       544     0.858     0.992     0.985      0.92      0.64     0.693     0.011
   217/299     10.4G      0.79      1.26    0.0417      2.09       157       544      0.86     0.991     0.985     0.921     0.636     0.691    0.0113
   218/299     10.4G     0.783      1.22    0.0407      2.04       181       448     0.862     0.991     0.985     0.922      0.63     0.686    0.0114
   219/299     10.4G     0.786      1.31    0.0445      2.14       145       512     0.862     0.991     0.985     0.922      0.63     0.683    0.0113
   220/299     10.4G     0.793      1.26     0.036      2.09       143       544     0.861     0.991     0.985     0.922      0.63      0.68    0.0109
   221/299     10.4G     0.795      1.38    0.0457      2.22       181       640     0.862     0.991     0.985     0.922     0.633      0.68    0.0106
   222/299     10.4G     0.767      1.19    0.0313      1.99       142       448     0.866     0.991     0.985     0.924     0.632     0.676    0.0103
   223/299     10.4G     0.757      1.23    0.0428      2.03       160       576     0.864     0.991     0.985     0.923      0.63     0.677    0.0103
   224/299     10.4G     0.763      1.36    0.0366      2.16       155       480     0.864      0.99     0.985     0.923     0.634     0.681    0.0105
   225/299     10.4G     0.777      1.21    0.0402      2.02       174       640     0.865      0.99     0.985     0.923     0.631     0.681    0.0104
   226/299     10.4G     0.762      1.26    0.0379      2.06       187       576     0.865      0.99     0.985     0.923     0.629     0.678    0.0102
   227/299     10.4G     0.765      1.27    0.0386      2.08       153       448     0.867      0.99     0.985     0.924     0.626     0.675      0.01
   228/299     10.4G     0.742       1.1    0.0309      1.87       121       384     0.866      0.99     0.985     0.924     0.622      0.67   0.00968
   229/299     10.4G     0.759       1.2    0.0353      1.99       122       352     0.867      0.99     0.986     0.924     0.619     0.665   0.00925
   230/299     10.4G     0.717      1.11    0.0344      1.86       173       480     0.866      0.99     0.986     0.924     0.615     0.661   0.00912
   231/299     10.4G     0.749      1.27    0.0484      2.07       117       448     0.868      0.99     0.986     0.925     0.616      0.66    0.0094
   232/299     10.4G     0.741      1.16    0.0369      1.94       190       352     0.869      0.99     0.986     0.926     0.613     0.656   0.00976
   233/299     10.4G      0.72      1.22     0.035      1.97       137       480      0.87      0.99     0.986     0.926     0.611     0.655    0.0102
   234/299     10.4G     0.723      1.17    0.0323      1.92       155       384     0.871      0.99     0.986     0.927     0.611     0.655    0.0104
   235/299     10.4G     0.724       1.2    0.0345      1.96       119       384     0.872      0.99     0.986     0.927     0.613     0.655    0.0107
   236/299     10.4G     0.729      1.11    0.0301      1.87       167       320     0.872      0.99     0.986     0.927     0.609     0.651    0.0105
   237/299     10.4G     0.721      1.18    0.0345      1.93       122       384     0.874      0.99     0.986     0.928     0.609     0.648    0.0106
   238/299     10.4G     0.738      1.27    0.0335      2.04       140       480     0.874      0.99     0.986     0.928      0.61     0.647    0.0106
   239/299     10.4G     0.727      1.25    0.0311      2.01       152       384     0.875      0.99     0.986     0.929     0.611     0.646    0.0105
   240/299     10.4G     0.707       1.1    0.0276      1.84       106       576     0.875      0.99     0.986     0.929      0.61     0.645    0.0106
   241/299     10.4G     0.739      1.21    0.0509         2       143       640     0.876     0.989     0.986     0.929     0.609     0.645    0.0107
   242/299     10.4G     0.724      1.16    0.0381      1.92       119       576     0.877     0.989     0.986     0.929     0.606     0.644    0.0106
   243/299     10.4G     0.732      1.07    0.0305      1.83       125       640     0.878     0.989     0.986      0.93     0.604     0.641   0.00992
   244/299     10.4G     0.721      1.22     0.036      1.98       161       608     0.878     0.989     0.986      0.93     0.604     0.641    0.0095
   245/299     10.4G     0.714      1.15    0.0323      1.89       125       352     0.878      0.99     0.986      0.93     0.603      0.64   0.00946
   246/299     10.4G     0.719      1.19    0.0313      1.94       114       416     0.878      0.99     0.986     0.931     0.602     0.639   0.00949
   247/299     10.4G     0.702      1.16     0.032      1.89       127       416     0.878      0.99     0.986     0.931     0.602      0.64   0.00967
   248/299     10.4G     0.718      1.11    0.0298      1.86       162       352     0.878      0.99     0.986     0.931     0.601     0.638   0.00963
   249/299     10.4G     0.698      1.13    0.0284      1.86       163       320     0.879     0.991     0.986     0.932     0.601     0.638   0.00958
   250/299     10.4G     0.702      1.17    0.0265       1.9       152       320     0.879     0.991     0.986     0.931     0.601     0.639   0.00953
   251/299     10.4G     0.703      1.13    0.0248      1.85       115       384     0.878     0.991     0.986     0.931       0.6     0.639   0.00953
   252/299     10.4G     0.694      1.17    0.0254      1.89       156       480      0.88     0.991     0.986     0.932       0.6     0.639   0.00954
   253/299     10.4G     0.687      1.13     0.025      1.84       117       512      0.88     0.991     0.986     0.932       0.6      0.64   0.00975
   254/299     10.4G     0.722      1.21    0.0363      1.97       176       352      0.88     0.991     0.986     0.932       0.6     0.641   0.00948
   255/299     10.4G     0.699      1.22    0.0283      1.94       157       576     0.881     0.991     0.986     0.933     0.602     0.642   0.00933
   256/299     10.4G     0.684      1.06    0.0239      1.77       147       320     0.881     0.991     0.986     0.933     0.599     0.641   0.00925
   257/299     10.4G     0.674      1.11    0.0262      1.81       196       480     0.882     0.991     0.986     0.933     0.598      0.64   0.00911
   258/299     10.4G     0.674       1.1     0.026       1.8       158       448     0.881     0.991     0.986     0.933     0.597     0.641   0.00901
   259/299     10.4G     0.681      1.04    0.0244      1.74       149       576     0.882      0.99     0.986     0.933     0.597      0.64   0.00885
   260/299     10.4G     0.684      1.11    0.0281      1.82       139       544     0.881      0.99     0.986     0.932     0.596      0.64   0.00872
   261/299     10.4G     0.697       1.1    0.0358      1.83       142       512     0.881      0.99     0.986     0.933     0.594     0.639   0.00868
   262/299     10.4G     0.682      1.13     0.032      1.84       108       576     0.881     0.991     0.986     0.933     0.594     0.638   0.00871
   263/299     10.4G     0.681      1.09      0.02      1.79       135       640     0.881     0.991     0.986     0.933     0.594     0.638   0.00872
   264/299     10.4G     0.663      1.03    0.0243      1.72       135       480     0.881     0.991     0.986     0.933     0.592     0.636   0.00858
   265/299     10.4G      0.67      1.08    0.0232      1.77       141       448     0.882     0.991     0.986     0.933     0.591     0.635    0.0085
   266/299     10.4G      0.69      1.15    0.0328      1.87       147       608     0.882     0.991     0.986     0.933     0.591     0.635   0.00845
   267/299     10.4G     0.678      1.13    0.0283      1.83       187       512     0.882     0.991     0.986     0.933     0.592     0.635   0.00838
   268/299     10.4G     0.683       1.2    0.0298      1.91       122       608     0.883     0.991     0.986     0.933     0.593     0.634   0.00827
   269/299     10.4G     0.678      1.17    0.0333      1.88       153       320     0.884     0.991     0.986     0.934     0.594     0.634   0.00809
   270/299     10.4G     0.669       1.1    0.0282       1.8       150       608     0.883     0.991     0.986     0.934     0.593     0.633   0.00787
   271/299     10.4G     0.643      1.03    0.0217       1.7       146       480     0.884     0.991     0.986     0.934     0.592     0.631   0.00771
   272/299     10.4G     0.674      1.06    0.0251      1.76       127       416     0.884     0.991     0.986     0.934     0.591      0.63   0.00761
   273/299     10.4G     0.668     0.988    0.0219      1.68       117       608     0.884     0.991     0.986     0.934      0.59     0.628   0.00749
   274/299     10.4G     0.665      1.11     0.024       1.8       132       608     0.885     0.991     0.986     0.935      0.59     0.627    0.0074
   275/299     10.4G     0.647      1.05    0.0179      1.72       117       352     0.885     0.991     0.986     0.935     0.588     0.625   0.00734
   276/299     10.4G     0.677      1.11    0.0293      1.82       157       416     0.886     0.991     0.986     0.935     0.588     0.624   0.00736
   277/299     10.4G     0.658      1.01    0.0239      1.69       212       320     0.886     0.991     0.986     0.935     0.586     0.622   0.00734
   278/299     10.4G     0.646      1.06    0.0233      1.73       141       416     0.886     0.991     0.986     0.936     0.585      0.62   0.00729
   279/299     10.4G     0.661      1.12    0.0249      1.81       149       320     0.886     0.991     0.987     0.936     0.585      0.62   0.00726
   280/299     10.4G     0.667       1.1    0.0244      1.79       168       352     0.887     0.991     0.987     0.936     0.585     0.619   0.00727
   281/299     10.4G     0.643     0.965    0.0193      1.63       131       480     0.887     0.991     0.987     0.936     0.583     0.617   0.00723
   282/299     10.4G     0.637      1.01    0.0216      1.67       148       480     0.888     0.991     0.987     0.937     0.582     0.616    0.0072
   283/299     10.4G     0.646      1.02    0.0199      1.68       152       512     0.888     0.991     0.987     0.937     0.581     0.615   0.00715
   284/299     10.4G     0.625     0.971    0.0197      1.62       171       576     0.888     0.991     0.987     0.937      0.58     0.614   0.00709
   285/299     10.4G     0.646      1.04    0.0251      1.71       169       448     0.888     0.991     0.987     0.937     0.579     0.613   0.00705
   286/299     10.4G     0.642      1.09    0.0229      1.75       131       640     0.888     0.991     0.987     0.937      0.58     0.612   0.00705
   287/299     10.4G     0.663      1.01    0.0221      1.69       110       608     0.889     0.991     0.987     0.937     0.579     0.611   0.00705
   288/299     10.4G     0.638      1.01    0.0236      1.67       143       384     0.889     0.991     0.987     0.937     0.578      0.61   0.00705
   289/299     10.4G     0.636     0.994    0.0269      1.66       167       640     0.889     0.991     0.987     0.937     0.578      0.61    0.0071
   290/299     10.4G      0.64      1.02      0.02      1.68       158       448     0.889     0.991     0.987     0.937     0.577     0.609   0.00714
   291/299     10.4G     0.664       1.1    0.0238      1.79       189       320     0.889     0.991     0.987     0.937     0.578     0.609   0.00719
   292/299     10.4G     0.661      1.11    0.0332      1.81       147       448     0.889     0.991     0.987     0.937     0.578     0.609    0.0072
   293/299     10.4G     0.655      1.05    0.0216      1.72       184       352      0.89     0.991     0.987     0.938     0.577     0.608   0.00715
   294/299     10.4G     0.623     0.963    0.0215      1.61       142       320     0.889     0.991     0.987     0.937     0.575     0.607   0.00709
   295/299     10.4G      0.65      1.05    0.0145      1.71       131       544     0.889     0.991     0.987     0.937     0.576     0.606   0.00703
   296/299     10.4G      0.65      1.06    0.0228      1.74       128       320     0.889     0.991     0.987     0.937     0.575     0.606   0.00697
   297/299     10.4G     0.642      1.07    0.0185      1.73       125       512     0.889     0.991     0.987     0.937     0.575     0.606   0.00694
   298/299     10.4G     0.609     0.987    0.0174      1.61       129       480     0.889     0.992     0.987     0.938     0.575     0.605   0.00693
   299/299     10.4G     0.621      1.05    0.0268       1.7       151       480      0.89     0.992     0.987     0.938     0.575     0.605   0.00696
