     0/299     10.3G      5.16      8.37      3.17      16.7       132       320     0.155     0.367    0.0951     0.135      3.31      4.29      2.71
     1/299     10.4G      3.51      4.73       2.8        11       149       384     0.253     0.599     0.369     0.327      2.52      2.89         2
     2/299     10.4G      3.26      4.47      1.99      9.72       133       512     0.439     0.584     0.416     0.417      3.45      2.41      1.88
     3/299     10.4G      3.06       3.9      1.44       8.4       179       576     0.302     0.589     0.303     0.299      2.75       2.5      2.62
     4/299     10.4G       3.1       3.5       1.3       7.9       125       640     0.294      0.75     0.493     0.409      2.59      2.25      1.66
     5/299     10.4G      2.85       3.4      1.16      7.41       159       640     0.474     0.754     0.642     0.574      2.52      2.18      1.17
     6/299     10.4G      2.63         4       1.3      7.93       165       320     0.297     0.818     0.558     0.414      2.25      2.62      1.35
     7/299     10.4G      2.57      3.69      1.05      7.31       125       352     0.471     0.846     0.701     0.601       2.1      2.07     0.695
     8/299     10.4G      2.52      3.75     0.959      7.22       140       320     0.405     0.769     0.622     0.513      2.05      2.16      1.52
     9/299     10.4G       2.4      3.38     0.862      6.64       123       320      0.51     0.849     0.748      0.63      1.89      1.96      0.67
    10/299     10.4G      2.27      3.67      0.81      6.75       120       352     0.438     0.877     0.741     0.575      1.78      2.02     0.505
    11/299     10.4G      2.24      3.44     0.807      6.48       128       416      0.47     0.854     0.709     0.589      1.75      2.04     0.751
    12/299     10.4G      2.22      3.39     0.719      6.32       186       352     0.489     0.869     0.746     0.622      1.71      1.92     0.596
    13/299     10.4G      2.17      3.38     0.661      6.22       146       608     0.432     0.887     0.726     0.572      1.65      2.04     0.655
    14/299     10.4G      2.16      2.86     0.598      5.62       153       576     0.504     0.935     0.838      0.65       1.6      1.91     0.339
    15/299     10.4G       2.1      3.36     0.593      6.06       127       480     0.494     0.863     0.744     0.623      1.81      1.99     0.522
    16/299     10.4G      2.13      3.03     0.569      5.73       148       320     0.472     0.833     0.721     0.583      1.85      1.87     0.782
    17/299     10.4G      2.11      3.27     0.601      5.98       140       384     0.528     0.903     0.803     0.663      1.71      1.87     0.355
    18/299     10.4G      2.03      3.15     0.591      5.77       127       576     0.572     0.902     0.809     0.697      1.66      1.83     0.305
    19/299     10.4G      2.03      3.02     0.584      5.63       107       320      0.53      0.88     0.773     0.651      1.66      1.88     0.502
    20/299     10.4G      2.04      2.97     0.459      5.47       176       576     0.513     0.908      0.81     0.649      1.55      1.84     0.445
    21/299     10.4G      2.02      3.28     0.513      5.81       135       352      0.53     0.922      0.82     0.668      1.58      1.83     0.272
    22/299     10.4G      1.96      3.43     0.476      5.87       151       384     0.573     0.885     0.819     0.693      1.55      1.86      0.21
    23/299     10.4G      1.96      3.05     0.453      5.46       137       384     0.529     0.935     0.824      0.67      1.59      1.78     0.255
    24/299     10.4G      1.89      3.06     0.409      5.36       147       512      0.57       0.9     0.826     0.691      1.56      1.85     0.193
    25/299     10.4G      1.88      2.86     0.446      5.19       142       352     0.482     0.934     0.822     0.634      1.53      1.81     0.237
    26/299     10.4G      1.88      2.82     0.426      5.12       128       416     0.549     0.929     0.838     0.685      1.48      1.73     0.249
    27/299     10.4G      1.91      2.75     0.439       5.1       136       320     0.559     0.939     0.856     0.699      1.45       1.7     0.154
    28/299     10.4G       1.9      2.94     0.362      5.21       143       480     0.538     0.936     0.836     0.682      1.49      1.73     0.185
    29/299     10.4G      1.85       2.6     0.321      4.77       136       608     0.563     0.954      0.86     0.707       1.4      1.67     0.132
    30/299     10.4G      1.81      2.57     0.338      4.72       134       320     0.578     0.941     0.856     0.713      1.39      1.67     0.161
    31/299     10.4G      1.79      2.97     0.403      5.17       129       320     0.535     0.929     0.827     0.673      1.42      1.73     0.189
    32/299     10.4G      1.78       2.6     0.384      4.77       153       384     0.567     0.926     0.838       0.7       1.4      1.67     0.251
    33/299     10.4G      1.83      2.77     0.429      5.03       135       384     0.501     0.935     0.833      0.65      1.46      1.78     0.185
    34/299     10.4G       1.8      2.42     0.381       4.6       150       448     0.618     0.914     0.847     0.731      1.51      1.65     0.273
    35/299     10.4G      1.82      3.03     0.355      5.21       157       352     0.514      0.95     0.851     0.664      1.34      1.71      0.16
    36/299     10.4G      1.73      2.59     0.323      4.64       143       544     0.581     0.939     0.855     0.712      1.37      1.65     0.175
    37/299     10.4G      1.75      2.83     0.318       4.9       133       608     0.587     0.944     0.857     0.719      1.35      1.67     0.134
    38/299     10.4G      1.72      2.51     0.282      4.52       108       544     0.562     0.953     0.867     0.705      1.36      1.67     0.123
    39/299     10.4G      1.73      2.69     0.273      4.69       171       352     0.564     0.944     0.855     0.703       1.4      1.69     0.138
    40/299     10.4G      1.69      2.39     0.283      4.36       149       576     0.568     0.953     0.853      0.71      1.34      1.64     0.106
    41/299     10.4G      1.68       2.6     0.322       4.6       146       640     0.654     0.896     0.857     0.752      1.34      1.65     0.174
    42/299     10.4G      1.71      2.48     0.318       4.5       127       512     0.535     0.951     0.865     0.682      1.28      1.64     0.132
    43/299     10.4G      1.75      2.63     0.347      4.73       161       320     0.603     0.942     0.871      0.73      1.36       1.6     0.209
    44/299     10.4G      1.75      2.92      0.44      5.12       138       480      0.51     0.954     0.835     0.662      1.35       1.7     0.116
    45/299     10.4G      1.68      2.51      0.32      4.51       129       576      0.59     0.934     0.851     0.712      1.32      1.61     0.235
    46/299     10.4G      1.68      2.67     0.315      4.67       187       512     0.566     0.954     0.875     0.709      1.33      1.59     0.197
    47/299     10.4G      1.67      2.58     0.265      4.51       143       544     0.569     0.951     0.864     0.708      1.29       1.6     0.164
    48/299     10.4G      1.64      2.51     0.259      4.41       165       576     0.681     0.933      0.89     0.785      1.29      1.57     0.119
    49/299     10.4G      1.63      2.41     0.329      4.36       193       448     0.564     0.918     0.835     0.692      1.39      1.68     0.814
    50/299     10.4G      1.66      2.48     0.354      4.49       139       512     0.535     0.949     0.858      0.68      1.35      1.63     0.155
    51/299     10.4G      1.65      2.35     0.278      4.28       159       576     0.554     0.957      0.86     0.697      1.28      1.63     0.189
    52/299     10.4G      1.61      2.41     0.283       4.3       164       640     0.656     0.943     0.894     0.771      1.26      1.54      0.15
    53/299     10.4G      1.59      2.39     0.258      4.24       118       640     0.609     0.951     0.883     0.741      1.26      1.58     0.169
    54/299     10.4G      1.58      2.36     0.267       4.2       109       480     0.565     0.969     0.878     0.713      1.26      1.54      0.11
    55/299     10.4G      1.64      2.64     0.324       4.6       145       320     0.569     0.955     0.872     0.712      1.26      1.62     0.128
    56/299     10.4G      1.59      2.51     0.297       4.4       164       512     0.564     0.941     0.867     0.702      1.31      1.59     0.225
    57/299     10.4G      1.58      2.44      0.33      4.35       139       576     0.561     0.948     0.864     0.703      1.29      1.58     0.149
    58/299     10.4G      1.62      2.57     0.317      4.51       137       512     0.631     0.908     0.857     0.727      1.29      1.57     0.389
    59/299     10.4G       1.6      2.54       0.3      4.44       158       512     0.582     0.943     0.875     0.718      1.24       1.6     0.104
    60/299     10.4G      1.55      2.44     0.257      4.25       159       480     0.658     0.931     0.885     0.768      1.25      1.54     0.195
    61/299     10.4G      1.61      2.62     0.236      4.47       191       352     0.687     0.941     0.909     0.793      1.24      1.55    0.0912
    62/299     10.4G      1.56      2.49     0.262      4.32       133       320     0.612     0.954     0.886     0.744      1.23      1.58     0.107
    63/299     10.4G      1.56      2.38     0.222      4.16       131       608     0.604     0.962     0.878     0.739      1.21      1.55     0.101
    64/299     10.4G      1.57      2.65     0.232      4.45       154       480     0.655     0.954     0.893     0.775      1.23      1.52     0.087
    65/299     10.4G      1.54      2.22     0.208      3.97       170       512     0.648     0.956     0.898      0.77       1.2      1.56    0.0762
    66/299     10.4G      1.52      2.39     0.245      4.16       151       512     0.649     0.959       0.9     0.773       1.2      1.51    0.0696
    67/299     10.4G       1.5      2.18     0.181      3.87       169       320     0.661      0.96     0.906     0.782      1.19      1.47     0.088
    68/299     10.4G      1.48      2.31     0.226      4.01       158       384       0.6     0.959     0.895     0.737       1.2      1.52    0.0978
    69/299     10.4G       1.5      2.33     0.202      4.02       161       448     0.634     0.958     0.898     0.762      1.18      1.53    0.0903
    70/299     10.4G      1.47      2.15      0.22      3.84       110       352     0.672      0.96     0.907     0.788      1.16      1.43    0.0865
    71/299     10.4G       1.5      2.29      0.21         4       138       480     0.627     0.967     0.901     0.758      1.19      1.48    0.0782
    72/299     10.4G      1.46       2.1      0.17      3.73       173       416     0.655     0.956     0.914     0.774      1.17       1.4    0.0854
    73/299     10.4G      1.48      2.16     0.195      3.84       127       352     0.624     0.969      0.91     0.758      1.17      1.43    0.0766
    74/299     10.4G      1.44      2.06     0.171      3.67       154       352      0.69     0.953     0.918     0.799      1.19       1.4    0.0779
    75/299     10.4G      1.47       2.3     0.164      3.93       159       576     0.627      0.96     0.906     0.757       1.2      1.48    0.0881
    76/299     10.4G      1.43      2.31     0.161       3.9       158       384       0.7     0.936     0.905       0.8      1.16      1.47    0.0807
    77/299     10.4G      1.42      1.98     0.215      3.61       145       448     0.643      0.96     0.909     0.768       1.2      1.42     0.103
    78/299     10.4G      1.47      2.12     0.218       3.8       183       576     0.651     0.965     0.914     0.774      1.15       1.4    0.0946
    79/299     10.4G      1.44      2.31     0.259      4.01       174       480     0.587     0.959     0.887     0.725      1.17      1.51     0.124
    80/299     10.4G      1.44      2.47      0.22      4.13       151       512     0.614     0.963     0.903     0.748      1.16      1.56    0.0862
    81/299     10.4G      1.44      2.22     0.195      3.86       125       448     0.714     0.943     0.912     0.809      1.19       1.4     0.144
    82/299     10.4G      1.45      2.08     0.202      3.72       130       576      0.67     0.966     0.914     0.791      1.16      1.39    0.0595
    83/299     10.4G      1.41      2.14     0.224      3.77       168       448     0.639     0.945     0.893      0.76      1.12      1.43     0.115
    84/299     10.4G      1.43      2.12     0.191      3.74       166       480     0.684     0.962     0.908     0.796      1.17      1.39    0.0554
    85/299     10.4G       1.4      1.97     0.163      3.53       158       640      0.68     0.957     0.912     0.793      1.13      1.36    0.0684
    86/299     10.4G       1.4      2.08     0.218       3.7       167       640     0.652     0.964     0.915     0.777      1.09      1.38    0.0978
    87/299     10.4G      1.39      1.99     0.208      3.59       144       352     0.675     0.973     0.918     0.796      1.07      1.35    0.0567
    88/299     10.4G      1.41      2.11     0.211      3.73       189       448     0.674     0.935     0.899      0.78      1.18       1.4      0.28
    89/299     10.4G       1.4      2.19      0.27      3.86       163       352     0.641     0.963     0.904     0.767       1.1       1.4     0.135
    90/299     10.4G       1.4      1.99     0.185      3.58       148       512     0.675     0.966     0.917     0.794      1.07      1.35    0.0622
    91/299     10.4G       1.4      2.19     0.181      3.77       162       576     0.606     0.966     0.895     0.742      1.11      1.45    0.0651
    92/299     10.4G      1.39      2.24     0.174       3.8       150       384     0.668      0.97     0.919     0.789       1.1      1.38    0.0732
    93/299     10.4G      1.33      2.09     0.199      3.61       170       384     0.673     0.968     0.919     0.792       1.1      1.36    0.0685
    94/299     10.4G       1.4      2.24     0.201      3.84       129       576      0.66     0.965     0.914     0.783       1.1      1.38     0.108
    95/299     10.4G       1.4      2.11     0.163      3.67       119       640     0.678     0.971     0.926     0.798      1.14      1.34    0.0745
    96/299     10.4G      1.37      2.07     0.156       3.6       133       416     0.703     0.973     0.929     0.815       1.1      1.32    0.0483
    97/299     10.4G      1.33      2.18     0.157      3.66       146       384     0.636     0.973      0.91     0.769       1.1       1.4    0.0534
    98/299     10.4G      1.34      2.15     0.157      3.64       155       576     0.717     0.956     0.921     0.819      1.08      1.37    0.0491
    99/299     10.4G      1.33      2.22     0.171      3.72       142       544     0.641     0.964     0.907     0.769      1.14      1.45    0.0515
   100/299     10.4G      1.34      2.08     0.173       3.6       129       448     0.671      0.96     0.919     0.788      1.11      1.37    0.0713
   101/299     10.4G      1.32      1.96     0.162      3.44       188       480     0.675     0.969     0.921     0.795      1.09      1.34    0.0603
   102/299     10.4G      1.29      1.73     0.139      3.16       132       640      0.71     0.974     0.941      0.82      1.03      1.29    0.0686
   103/299     10.4G      1.34      2.09     0.173       3.6       143       480      0.62     0.975     0.912     0.756      1.05      1.41     0.066
   104/299     10.4G      1.36      2.18      0.16      3.71       145       448     0.711     0.957     0.931     0.815      1.09       1.3    0.0649
   105/299     10.4G      1.33      1.94     0.159      3.44       110       640     0.728     0.964     0.932     0.828      1.06      1.28    0.0662
   106/299     10.4G      1.33      1.91     0.139      3.38       147       384     0.699     0.971     0.932     0.811      1.05      1.32    0.0508
   107/299     10.4G      1.32      1.88     0.179      3.38       169       512     0.717     0.964     0.932     0.822      1.03       1.3    0.0521
   108/299     10.4G      1.33      2.13     0.152      3.62       143       608     0.674      0.97     0.921     0.794      1.04      1.33    0.0547
   109/299     10.4G      1.31      2.08     0.134      3.52       194       352     0.717     0.968     0.934     0.822      1.07      1.32    0.0797
   110/299     10.4G       1.3      2.17     0.144      3.61       136       384     0.691     0.959     0.925     0.802      1.09      1.34    0.0541
   111/299     10.4G      1.28      1.77     0.123      3.17       159       576     0.682     0.975      0.93     0.801      1.08      1.32     0.054
   112/299     10.4G       1.3      1.95      0.14       3.4       154       544     0.687     0.964     0.928     0.801      1.05       1.3    0.0702
   113/299     10.4G      1.26      1.87     0.139      3.27       163       416     0.688     0.967     0.931     0.803      1.01      1.28    0.0561
   114/299     10.4G      1.27         2     0.156      3.42       140       384     0.701     0.969     0.934     0.812      1.01      1.26     0.077
   115/299     10.4G      1.27      1.72     0.164      3.16       158       640     0.695     0.975     0.935     0.809      1.02      1.26    0.0544
   116/299     10.4G      1.25      1.82     0.149      3.22       152       384     0.686     0.976     0.931     0.805         1      1.26    0.0709
   117/299     10.4G      1.21      1.84     0.117      3.17       164       512     0.679     0.979     0.934     0.801         1      1.27     0.061
   118/299     10.4G      1.27      2.05     0.124      3.44       123       608     0.742     0.963     0.941     0.837      1.02      1.25     0.062
   119/299     10.4G      1.28      1.91     0.147      3.34       163       320     0.696     0.975     0.935      0.81      1.04      1.26    0.0393
   120/299     10.4G      1.26      1.95     0.143      3.35       153       448     0.703     0.961     0.924      0.81      1.02      1.31    0.0642
   121/299     10.4G      1.24      1.96     0.123      3.33       147       608       0.7     0.966      0.93     0.811      1.04      1.29     0.062
   122/299     10.4G      1.25      1.81     0.158      3.21       154       480     0.711     0.971     0.939      0.82      1.02      1.24    0.0558
   123/299     10.4G      1.24      1.87     0.126      3.23       148       416     0.719     0.967     0.932     0.824         1      1.26    0.0634
   124/299     10.4G      1.24      1.84     0.136      3.22       140       416     0.697     0.973     0.933     0.811     0.984      1.27    0.0593
   125/299     10.4G      1.23      1.91     0.132      3.27       153       576     0.751     0.961     0.938     0.843     0.998      1.26    0.0658
   126/299     10.4G      1.21      1.63     0.142      2.98       158       608     0.742      0.97     0.941      0.84     0.978      1.24    0.0564
   127/299     10.4G      1.21      1.89     0.158      3.26       148       640      0.73     0.969     0.937     0.832     0.974      1.24    0.0488
   128/299     10.4G       1.2      1.89     0.152      3.24       151       352     0.707     0.969     0.934     0.816      0.96      1.23     0.041
   129/299     10.4G      1.21      1.79     0.116      3.11       177       608      0.66     0.971     0.928     0.784     0.966      1.28    0.0523
   130/299     10.4G      1.21      1.86     0.115      3.19       144       352      0.74     0.973     0.938      0.84     0.981      1.23    0.0713
   131/299     10.4G      1.21      1.81     0.139      3.16       138       640     0.721     0.972     0.937     0.827     0.941      1.26    0.0471
   132/299     10.4G      1.21       1.9     0.148      3.25       148       320     0.722      0.97     0.941     0.825      0.97      1.27    0.0611
   133/299     10.4G       1.2      1.94     0.109      3.25       123       448     0.749     0.965     0.937     0.842     0.984      1.23    0.0378
   134/299     10.4G      1.17      1.64     0.115      2.92       121       544     0.748      0.97     0.946     0.844     0.952      1.21    0.0401
   135/299     10.4G      1.19      1.78      0.15      3.12       123       448     0.695     0.969     0.936     0.806     0.948      1.25    0.0735
   136/299     10.4G      1.17      1.89     0.151      3.22       144       416     0.705     0.965     0.936     0.813      0.98      1.26    0.0593
   137/299     10.4G      1.17      1.72     0.118      3.01       132       640     0.719     0.972     0.944     0.826     0.952      1.25    0.0424
   138/299     10.4G      1.18       1.9     0.115       3.2       155       480     0.744     0.969      0.94      0.84     0.977      1.24    0.0653
   139/299     10.4G      1.18      1.97     0.111      3.26       155       320      0.72     0.969     0.941     0.825     0.979      1.22    0.0565
   140/299     10.4G      1.16      1.99     0.115      3.27       153       512     0.727      0.96     0.936     0.826     0.978      1.23    0.0718
   141/299     10.4G      1.16      1.64    0.0957       2.9       131       448     0.729     0.971     0.946     0.833     0.971      1.21    0.0278
   142/299     10.4G      1.16      1.87    0.0977      3.13       165       320      0.72     0.971      0.94     0.825     0.952      1.24    0.0413
   143/299     10.4G      1.13      1.76     0.122      3.02       182       576     0.707     0.973     0.934     0.815     0.961      1.24    0.0694
   144/299     10.4G      1.15      1.75     0.108      3.01       157       576     0.724     0.968     0.938     0.828     0.967      1.25    0.0514
   145/299     10.4G      1.13      1.63    0.0978      2.86       149       320     0.729     0.968     0.947      0.83     0.938      1.21    0.0487
   146/299     10.4G      1.15      1.88     0.114      3.14       128       320     0.731      0.97      0.94     0.832     0.961      1.22    0.0452
   147/299     10.4G      1.15      1.73     0.125         3       138       320      0.76     0.972     0.945     0.852     0.948      1.21    0.0412
   148/299     10.4G      1.15      1.97    0.0976      3.22       166       320     0.723     0.972     0.939     0.828         1      1.26     0.035
   149/299     10.4G      1.17       2.1     0.108      3.38       154       512     0.761      0.96     0.941     0.848      1.02      1.24    0.0366
   150/299     10.4G      1.11      1.76     0.115      2.98       128       576     0.735     0.963     0.939     0.832      1.02      1.27    0.0463
   151/299     10.4G      1.12      1.84     0.121      3.07       173       384      0.71     0.968     0.939     0.818      1.02      1.28    0.0303
   152/299     10.4G      1.12      1.77     0.131      3.02       136       352     0.719     0.971     0.942     0.825     0.981      1.22    0.0731
   153/299     10.4G       1.1      1.84    0.0852      3.02       148       480     0.734     0.968     0.944     0.834     0.967      1.22    0.0628
   154/299     10.4G      1.11      1.67    0.0872      2.87       130       448     0.747     0.974     0.947     0.844     0.962       1.2    0.0354
   155/299     10.4G      1.12      1.71    0.0802      2.91       165       352     0.745     0.971     0.948     0.842     0.923      1.18    0.0377
   156/299     10.4G       1.1      1.64    0.0947      2.83       144       640     0.755     0.971     0.949     0.849      0.91      1.17    0.0326
   157/299     10.4G      1.09      1.71     0.106       2.9       129       608     0.736     0.971     0.946     0.836     0.948       1.2    0.0364
   158/299     10.4G      1.11      1.77     0.127      3.01       154       320     0.739     0.975     0.948      0.84     0.919      1.18    0.0389
   159/299     10.4G      1.08      1.59     0.105      2.77       154       608     0.742     0.974     0.952     0.841     0.906      1.16    0.0332
   160/299     10.4G      1.07      1.58    0.0938      2.74       146       576     0.744     0.973     0.951     0.842     0.919      1.16    0.0308
   161/299     10.4G      1.08       1.8    0.0859      2.96       136       544     0.731     0.972     0.947     0.834      0.94      1.17    0.0363
   162/299     10.4G       1.1      1.72    0.0785       2.9       147       544     0.762     0.969     0.945     0.852     0.929      1.18    0.0523
   163/299     10.4G      1.03      1.61    0.0833      2.72       155       416     0.744     0.968     0.941     0.839     0.921      1.17    0.0466
   164/299     10.4G      1.07       1.7    0.0848      2.85       197       416     0.749     0.966     0.945     0.843     0.932      1.17    0.0303
   165/299     10.4G      1.05      1.77    0.0938      2.92       146       352     0.744     0.966     0.947     0.839     0.916      1.18    0.0304
   166/299     10.4G      1.06      1.59     0.098      2.74       119       384     0.725     0.973     0.945     0.831     0.901      1.18    0.0292
   167/299     10.4G      1.04       1.7    0.0897      2.83       153       544     0.743     0.973     0.948     0.841     0.921      1.18    0.0389
   168/299     10.4G      1.03      1.54    0.0749      2.64       143       640     0.781     0.967     0.952     0.864     0.893      1.15    0.0424
   169/299     10.4G      1.03       1.5    0.0896      2.62       125       480     0.767     0.972     0.951     0.857     0.879      1.14    0.0409
   170/299     10.4G      1.06       1.9    0.0989      3.06       141       480     0.764      0.96      0.95      0.85     0.939      1.18     0.051
   171/299     10.4G      1.04      1.63    0.0818      2.75       171       448     0.755     0.975     0.951      0.85     0.905      1.16    0.0421
   172/299     10.4G      1.01      1.46    0.0663      2.53       121       640     0.765     0.971     0.951     0.855     0.886      1.16    0.0372
   173/299     10.4G      1.04      1.75    0.0733      2.87       178       320     0.765     0.971      0.95     0.855     0.886      1.15    0.0393
   174/299     10.4G      1.02      1.55    0.0728      2.65       120       608     0.763     0.971     0.954     0.854     0.906      1.14    0.0342
   175/299     10.4G      1.03      1.79    0.0728      2.89       127       416     0.752     0.974     0.952     0.848      0.92      1.14    0.0277
   176/299     10.4G      1.01      1.66    0.0647      2.73       121       384     0.738     0.975     0.952     0.839      0.91      1.15    0.0236
   177/299     10.4G      1.01      1.56    0.0823      2.65       131       608     0.769     0.974     0.956     0.859     0.911      1.13    0.0483
   178/299     10.4G      1.01      1.69    0.0856      2.78       161       416     0.743     0.975     0.954     0.842     0.875      1.14    0.0373
   179/299     10.4G     0.981      1.62    0.0698      2.67       151       480     0.749     0.978     0.953     0.847     0.872      1.13     0.047
   180/299     10.4G     0.992      1.69    0.0834      2.76       116       352     0.772     0.974     0.953     0.861      0.89      1.14    0.0357
   181/299     10.4G      1.01      1.63    0.0836      2.72       127       320     0.765     0.967     0.952     0.853     0.876      1.14    0.0608
   182/299     10.4G      1.02      1.55     0.065      2.63       141       448     0.774      0.97     0.953      0.86     0.887      1.14    0.0441
   183/299     10.4G     0.999      1.66    0.0729      2.73       142       448     0.769     0.971     0.949     0.858     0.865      1.14    0.0588
   184/299     10.4G      1.03      1.75    0.0785      2.85       166       448     0.764     0.967     0.954     0.853     0.893      1.13    0.0695
   185/299     10.4G         1      1.49    0.0746      2.57       105       608     0.761     0.968     0.954     0.851     0.856      1.11    0.0395
   186/299     10.4G     0.967      1.68    0.0742      2.72       129       384     0.778     0.967     0.953     0.862     0.878      1.13     0.024
   187/299     10.4G     0.985      1.58    0.0672      2.63       152       352     0.768     0.972     0.951     0.857     0.872      1.13    0.0181
   188/299     10.4G     0.972      1.56    0.0738      2.61       183       416     0.797      0.97     0.955     0.874     0.854      1.11    0.0214
   189/299     10.4G     0.953      1.59    0.0707      2.62       164       384     0.788     0.969     0.955     0.869     0.862      1.12     0.027
   190/299     10.4G     0.975      1.58    0.0708      2.63       148       448     0.777     0.971     0.954     0.862     0.865       1.1    0.0249
   191/299     10.4G     0.928      1.49    0.0626      2.48       139       512     0.766      0.97     0.953     0.855      0.87      1.12    0.0214
   192/299     10.4G      0.95      1.55    0.0546      2.55       176       576     0.772      0.97     0.955     0.859     0.864      1.12    0.0219
   193/299     10.4G     0.973       1.5    0.0569      2.53       149       608     0.763      0.97     0.952     0.853     0.855      1.11     0.023
   194/299     10.4G     0.954      1.48    0.0581       2.5       153       352     0.765     0.971     0.953     0.855     0.843       1.1    0.0263
   195/299     10.4G     0.966       1.6    0.0717      2.64       178       480     0.752     0.973     0.954     0.848     0.843      1.12    0.0194
   196/299     10.4G     0.945      1.64    0.0814      2.66       137       320     0.766     0.971     0.955     0.855      0.85      1.12    0.0235
   197/299     10.4G     0.942      1.41    0.0521      2.41       168       384       0.8     0.966      0.96     0.874     0.854      1.08    0.0182
   198/299     10.4G     0.959      1.51    0.0653      2.54       165       608     0.787      0.97     0.959     0.869     0.884      1.08    0.0185
   199/299     10.4G     0.952      1.52    0.0598      2.53       166       640     0.785     0.971     0.959     0.867     0.858      1.09    0.0189
   200/299     10.4G     0.916      1.34    0.0594      2.31        91       608     0.754     0.972     0.958     0.848     0.824      1.08    0.0163
   201/299     10.4G     0.955      1.65    0.0623      2.66       173       320      0.76     0.974     0.957     0.853     0.835       1.1    0.0188
   202/299     10.4G     0.918      1.49    0.0492      2.45       141       352     0.778     0.976     0.959     0.865      0.85      1.06    0.0169
   203/299     10.4G     0.909       1.5    0.0651      2.47       162       480       0.8     0.971     0.958     0.877     0.835      1.06    0.0152
   204/299     10.4G     0.903      1.46    0.0499      2.41       185       480     0.785     0.972     0.955     0.868     0.824      1.08    0.0149
   205/299     10.4G     0.948      1.58    0.0507      2.58       149       448     0.787     0.968     0.955     0.867     0.843      1.09    0.0267
   206/299     10.4G      0.93      1.59    0.0603      2.58       133       480     0.769      0.97     0.956     0.857     0.846      1.08    0.0206
   207/299     10.4G     0.925      1.49    0.0561      2.47       143       544     0.772     0.971     0.956     0.859     0.833      1.07    0.0172
   208/299     10.4G     0.946       1.6     0.072      2.62       131       320      0.78      0.97     0.955     0.863     0.846      1.08    0.0225
   209/299     10.4G     0.917      1.59    0.0708      2.58       135       608     0.783      0.97     0.955     0.865     0.863      1.09    0.0184
   210/299     10.4G     0.902      1.36    0.0617      2.33       160       352     0.782     0.969     0.955     0.864      0.85      1.07    0.0198
   211/299     10.4G     0.882      1.45    0.0539      2.39       141       384     0.778     0.971     0.955     0.863     0.831      1.07    0.0161
   212/299     10.4G     0.894      1.45    0.0595      2.41       174       512     0.774     0.969     0.955     0.859     0.824      1.07     0.024
   213/299     10.4G     0.878      1.39    0.0556      2.32       173       384     0.791     0.968     0.956     0.869     0.833      1.06    0.0321
   214/299     10.4G     0.896      1.49    0.0481      2.43       130       512     0.797     0.967     0.956     0.872     0.851      1.06    0.0305
   215/299     10.4G     0.877      1.29    0.0559      2.23       172       448     0.809     0.968     0.958     0.881      0.81      1.04    0.0154
   216/299     10.4G      0.85      1.44    0.0482      2.34       134       384     0.798     0.969     0.957     0.874     0.817      1.07    0.0161
   217/299     10.4G     0.872      1.43    0.0517      2.36       130       640     0.786     0.965     0.955     0.865     0.826       1.1     0.022
   218/299     10.4G     0.882      1.49     0.053      2.43       149       320      0.79      0.97     0.957      0.87      0.81      1.07    0.0191
   219/299     10.4G      0.88      1.46    0.0532       2.4       154       352     0.789     0.973     0.958     0.871     0.812      1.06    0.0159
   220/299     10.4G     0.887      1.52    0.0424      2.45       159       576     0.785     0.973     0.957     0.868     0.835      1.07    0.0164
   221/299     10.4G     0.859      1.36    0.0473      2.27       157       320     0.789     0.971     0.956      0.87     0.813      1.08    0.0158
   222/299     10.4G     0.873      1.56    0.0425      2.47       139       544     0.798     0.967     0.956     0.873     0.828      1.09    0.0182
   223/299     10.4G     0.835      1.31    0.0331      2.18       137       416     0.789      0.97     0.955     0.869      0.81      1.08    0.0147
   224/299     10.4G     0.859      1.29    0.0423      2.19       149       448     0.787     0.971     0.955     0.868     0.796      1.08    0.0169
   225/299     10.4G     0.912      1.54    0.0732      2.52       164       448     0.798     0.969     0.957     0.873     0.797      1.08    0.0194
   226/299     10.4G     0.902      1.49    0.0667      2.46       160       352     0.796      0.97     0.957     0.873     0.788      1.07    0.0181
   227/299     10.4G     0.865      1.49    0.0536      2.41       149       352     0.791     0.971     0.956     0.871     0.803      1.09    0.0203
   228/299     10.4G     0.844      1.27    0.0445      2.16       177       608     0.797     0.971     0.959     0.874     0.792      1.06    0.0143
   229/299     10.4G     0.825      1.32    0.0491       2.2       149       416     0.807     0.971     0.959     0.881     0.786      1.05    0.0133
   230/299     10.4G     0.818       1.3    0.0534      2.17       139       448     0.808      0.97     0.958     0.881     0.787      1.07    0.0153
   231/299     10.4G     0.861      1.55    0.0498      2.46       139       608     0.799     0.969     0.958     0.875      0.79      1.08    0.0168
   232/299     10.4G      0.84      1.44    0.0398      2.32       150       320     0.811     0.969     0.959     0.882     0.804      1.07    0.0165
   233/299     10.4G     0.839       1.4    0.0335      2.28       150       544     0.824      0.97     0.961      0.89     0.804      1.05    0.0146
   234/299     10.4G     0.847      1.35    0.0388      2.24       135       352     0.816     0.971     0.963     0.886     0.795      1.03    0.0129
   235/299     10.4G     0.851      1.43    0.0435      2.32       154       448     0.805     0.973     0.961      0.88     0.812      1.04    0.0124
   236/299     10.4G     0.806      1.32    0.0576      2.19       141       448     0.802     0.973     0.961     0.878     0.791      1.04    0.0139
   237/299     10.4G     0.835      1.35    0.0418      2.23       172       448     0.807     0.974     0.962     0.882     0.795      1.03    0.0151
   238/299     10.4G     0.808      1.24    0.0503       2.1       109       448     0.809     0.972     0.963     0.882     0.775      1.02    0.0121
   239/299     10.4G      0.84      1.49    0.0479      2.38       127       352     0.812      0.97     0.962     0.883     0.795      1.03    0.0125
   240/299     10.4G       0.8      1.31     0.041      2.15       131       320     0.806     0.972     0.961      0.88     0.788      1.03    0.0129
   241/299     10.4G     0.822      1.43    0.0455       2.3       126       448      0.81     0.969     0.961     0.882     0.793      1.03    0.0141
   242/299     10.4G      0.84      1.33     0.041      2.21       177       640     0.805      0.97     0.959     0.879     0.783      1.02    0.0152
   243/299     10.4G     0.805      1.24    0.0366      2.08       140       480     0.809      0.97      0.96     0.881     0.781      1.02    0.0155
   244/299     10.4G     0.806      1.24    0.0356      2.08       129       480     0.796     0.973      0.96     0.875     0.772      1.02    0.0146
   245/299     10.4G     0.799      1.14    0.0314      1.97       135       640     0.803     0.971     0.961     0.878     0.759      1.01     0.014
   246/299     10.4G     0.844      1.41    0.0411      2.29       161       352     0.819     0.969     0.961     0.887     0.759         1    0.0151
   247/299     10.4G      0.84      1.51    0.0636      2.41       143       320     0.815     0.968      0.96     0.884     0.791      1.02    0.0183
   248/299     10.4G     0.843      1.48    0.0478      2.37       151       480     0.816     0.967     0.961     0.884     0.798      1.02    0.0176
   249/299     10.4G     0.802      1.19     0.032      2.03       120       576     0.808      0.97     0.961     0.881     0.784      1.01    0.0156
   250/299     10.4G     0.857      1.55    0.0459      2.46       165       640     0.803     0.969      0.96     0.877     0.806      1.03    0.0151
   251/299     10.4G     0.806      1.41    0.0413      2.26       125       448     0.802     0.968     0.959     0.877     0.805      1.03    0.0147
   252/299     10.4G     0.812      1.38    0.0324      2.22       171       320     0.811     0.968      0.96     0.882       0.8      1.03    0.0149
   253/299     10.4G     0.789      1.15    0.0362      1.97       138       512      0.81      0.97     0.962     0.882     0.776      1.02    0.0133
   254/299     10.4G     0.788      1.26    0.0434      2.09       142       608     0.815     0.969     0.961     0.884     0.779      1.02    0.0137
   255/299     10.4G     0.786      1.23    0.0337      2.05       128       352      0.82     0.967     0.961     0.887     0.773      1.02    0.0142
   256/299     10.4G     0.811      1.37    0.0461      2.22       124       416     0.817     0.968      0.96     0.886     0.773      1.02    0.0138
   257/299     10.4G     0.782      1.23    0.0482      2.06       137       544     0.816     0.967     0.961     0.885     0.776      1.03    0.0142
   258/299     10.4G     0.807      1.33    0.0468      2.19       159       608     0.812     0.968     0.961     0.882     0.777      1.03    0.0152
   259/299     10.4G     0.788      1.31    0.0375      2.14       163       608     0.813     0.968     0.961     0.883     0.777      1.03    0.0154
   260/299     10.4G     0.789      1.23    0.0381      2.06       130       608     0.816     0.968      0.96     0.885     0.761      1.01    0.0133
   261/299     10.4G     0.766      1.23    0.0391      2.03       166       512     0.817     0.966     0.961     0.885     0.765      1.01    0.0137
   262/299     10.4G     0.766      1.22    0.0319      2.02       139       512     0.818     0.965      0.96     0.885     0.775      1.02     0.014
   263/299     10.4G     0.795       1.3    0.0363      2.13       134       384     0.824     0.963      0.96     0.887     0.786      1.02    0.0156
   264/299     10.4G     0.777      1.25     0.035      2.06       152       480     0.822     0.963      0.96     0.886     0.786      1.02    0.0166
   265/299     10.4G     0.748      1.14    0.0336      1.92       128       640     0.822     0.966     0.961     0.887     0.778      1.01     0.015
   266/299     10.4G     0.762      1.12      0.03      1.91       154       480     0.823     0.966     0.962     0.888     0.764      1.01    0.0138
   267/299     10.4G      0.78      1.22    0.0445      2.04       128       576      0.82     0.967     0.961     0.887     0.762      1.01     0.012
   268/299     10.4G     0.773      1.21     0.029      2.01       156       384     0.821     0.968      0.96     0.888     0.757         1    0.0116
   269/299     10.4G     0.759      1.24    0.0271      2.03       173       352     0.818     0.968     0.961     0.886     0.765      1.01     0.013
   270/299     10.4G     0.784      1.29    0.0289       2.1       130       576     0.818     0.965      0.96     0.885     0.772      1.02    0.0144
   271/299     10.4G     0.766      1.21    0.0302      2.01       142       576     0.825     0.966     0.961     0.889     0.765      1.01    0.0136
   272/299     10.4G     0.762       1.2    0.0308      1.99       140       416     0.821     0.968     0.963     0.888     0.764         1    0.0129
   273/299     10.4G      0.76       1.2    0.0267      1.98       157       384     0.824     0.968     0.963      0.89     0.756     0.992    0.0135
   274/299     10.4G     0.751      1.22    0.0315         2       130       512     0.828     0.967     0.964     0.891     0.764     0.991    0.0145
   275/299     10.4G     0.754      1.15    0.0377      1.94       160       384     0.831     0.966     0.963     0.893      0.76     0.984    0.0143
   276/299     10.4G     0.746      1.07    0.0377      1.85       134       416     0.829     0.966     0.962     0.892     0.757     0.987    0.0138
   277/299     10.4G     0.804      1.49     0.035      2.33       163       512     0.828     0.964     0.962     0.891     0.773     0.995    0.0151
   278/299     10.4G     0.793      1.36    0.0424      2.19       152       640     0.832     0.964     0.962     0.892     0.793     0.999    0.0155
   279/299     10.4G     0.748      1.23    0.0232         2       158       320     0.829     0.965     0.962     0.891     0.776     0.991    0.0135
   280/299     10.4G     0.756       1.3    0.0299      2.09       141       512     0.824     0.967     0.962     0.889     0.784         1    0.0132
   281/299     10.4G     0.762      1.34    0.0389      2.14       125       416     0.826     0.966     0.962      0.89     0.782         1    0.0129
   282/299     10.4G     0.762      1.33    0.0276      2.12       113       576     0.822     0.964      0.96     0.887     0.784      1.02    0.0143
   283/299     10.4G     0.769      1.33    0.0317      2.13       122       448      0.83     0.964     0.959     0.891     0.784      1.03     0.016
   284/299     10.4G     0.746       1.2    0.0294      1.98       162       384     0.836     0.965      0.96     0.895     0.776      1.03    0.0169
   285/299     10.4G     0.743      1.17    0.0272      1.94       185       320     0.839     0.965      0.96     0.897     0.758      1.02    0.0154
   286/299     10.4G     0.738      1.19    0.0351      1.96       158       448     0.839     0.965     0.959     0.897     0.763      1.02    0.0146
   287/299     10.4G     0.796      1.37    0.0338       2.2       138       544     0.838     0.964      0.96     0.896     0.785      1.03    0.0158
   288/299     10.4G     0.757      1.27    0.0274      2.05       141       384     0.836     0.965     0.961     0.895      0.78      1.02    0.0156
   289/299     10.4G     0.759      1.22    0.0335      2.01       136       448     0.834     0.966     0.961     0.894     0.778      1.02    0.0155
   290/299     10.4G     0.747      1.18    0.0201      1.95       154       480     0.836     0.966     0.961     0.896     0.768      1.02    0.0156
   291/299     10.4G     0.764      1.19    0.0403         2       184       512     0.837     0.966     0.961     0.896     0.758      1.01    0.0156
   292/299     10.4G     0.748      1.11    0.0272      1.89       157       544     0.834     0.965     0.961     0.894      0.75         1    0.0154
   293/299     10.4G     0.731      1.18    0.0264      1.94       158       640     0.834     0.965     0.961     0.894     0.755         1    0.0151
   294/299     10.4G     0.741      1.29    0.0414      2.07       168       320     0.832     0.966     0.961     0.893     0.765      1.01    0.0148
   295/299     10.4G     0.749      1.26    0.0293      2.04       179       384     0.834     0.966      0.96     0.895     0.769      1.01     0.015
   296/299     10.4G     0.732      1.16    0.0354      1.93       160       416     0.831     0.966     0.961     0.893     0.758      1.01    0.0149
   297/299     10.4G     0.696      1.15    0.0237      1.87       145       448      0.83     0.967      0.96     0.893     0.758      1.01    0.0145
   298/299     10.4G     0.751      1.22    0.0323      2.01       162       608     0.831     0.967     0.961     0.893     0.747         1    0.0136
   299/299     10.4G     0.734      1.29    0.0315      2.06       151       352      0.83     0.967     0.961     0.893     0.759      1.01    0.0136
