     0/299     11.6G   0.08429    0.1435   0.04925    0.2771       156       640    0.1536   0.02482   0.02783  0.005757   0.06956    0.1247   0.04789
     1/299     11.6G   0.07191    0.1511   0.04719    0.2702       159       640    0.1211    0.1976   0.07585   0.02156   0.05931    0.1417   0.04651
     2/299     11.6G   0.06412     0.153   0.04534    0.2624       179       640    0.1573     0.269    0.1247   0.04677   0.05659    0.1373   0.04475
     3/299     11.6G   0.05848    0.1509   0.04427    0.2537       188       640    0.1286    0.4894    0.1668   0.06085   0.04995    0.1467   0.04455
     4/299     11.6G   0.05559    0.1439   0.04234    0.2418       160       640    0.2139    0.5081    0.3094    0.1443   0.04659    0.1267   0.04041
     5/299     11.6G   0.05171    0.1419   0.04069    0.2343       195       640    0.1974     0.566    0.2747    0.1189   0.04476    0.1352   0.04519
     6/299     11.6G   0.04913     0.137    0.0392    0.2253       161       640    0.2578    0.6719    0.4157    0.2192    0.0412    0.1166   0.03654
     7/299     11.6G   0.04744    0.1349   0.03708    0.2195       142       640    0.2863    0.5942    0.3552      0.19   0.04077     0.113   0.03532
     8/299     11.6G   0.04566    0.1303   0.03535    0.2113       156       640    0.2516    0.7933    0.5241    0.3018    0.0382     0.112   0.03294
     9/299     11.6G   0.04471    0.1287   0.03395    0.2073       176       640    0.2951    0.7329    0.4805    0.2486   0.04056    0.1172   0.03641
    10/299     11.6G   0.04402    0.1278   0.03181    0.2037       192       640    0.3535    0.7814    0.6177    0.3684   0.03651    0.1066    0.0305
    11/299     11.6G   0.04337    0.1225   0.02926    0.1951       129       640    0.2796    0.8134    0.5632    0.3274   0.03641    0.1126   0.02966
    12/299     11.6G   0.04244    0.1205   0.02706      0.19       179       640    0.3472    0.8224    0.6276     0.365    0.0355    0.1032   0.02904
    13/299     11.6G   0.04173    0.1208   0.02571    0.1882       215       640    0.3559    0.7814    0.6566    0.3921   0.03568    0.1015   0.02552
    14/299     11.6G   0.04125    0.1195   0.02355    0.1843       222       640    0.3491    0.8132     0.653    0.3828   0.03732     0.102   0.02397
    15/299     11.6G   0.04084    0.1176   0.02113    0.1795       160       640    0.2888    0.8861    0.7233    0.4506   0.03412    0.1013     0.019
    16/299     11.6G   0.04029    0.1176   0.02118    0.1791       214       640    0.3781    0.8588    0.7152    0.4486   0.03349   0.09735   0.01821
    17/299     11.6G   0.03952    0.1161   0.01818    0.1738       135       640    0.3446    0.8363    0.6738    0.4207   0.03374    0.0994   0.03138
    18/299     11.6G   0.03919    0.1133   0.01765    0.1702       117       640    0.2639    0.9129     0.786    0.4974   0.03294    0.1032   0.01446
    19/299     11.6G   0.03851    0.1132   0.01673    0.1684       195       640    0.3943    0.8639    0.7725    0.5052   0.03238   0.09417   0.01969
    20/299     11.6G   0.03817    0.1103    0.0159    0.1643       189       640      0.29    0.9275    0.7624    0.4924   0.03246    0.1038   0.02196
    21/299     11.6G   0.03771    0.1105   0.01478     0.163       139       640    0.3704    0.9156    0.8251    0.5302   0.03321   0.09183   0.01237
    22/299     11.6G   0.03735    0.1087   0.01365    0.1597       158       640     0.302    0.9401    0.8251    0.5479   0.03147   0.09897   0.01259
    23/299     11.6G   0.03754    0.1085   0.01318    0.1593       159       640    0.4178    0.9291    0.8529    0.5709   0.03104   0.08895   0.01005
    24/299     11.6G   0.03646    0.1067   0.01251    0.1557       156       640    0.3284    0.9476    0.8626    0.5828   0.03031   0.09166  0.008542
    25/299     11.6G     0.036     0.106   0.01211    0.1541       191       640    0.3078    0.9541    0.8672    0.5823   0.03056   0.09472  0.008211
    26/299     11.6G   0.03593    0.1038   0.01163    0.1513       155       640    0.4175    0.9382    0.8725    0.5815    0.0306   0.08765  0.007196
    27/299     11.6G   0.03535    0.1028   0.01018    0.1483       197       640    0.3615    0.9498    0.8745    0.5905   0.02961   0.08786  0.007138
    28/299     11.6G   0.03532    0.1025    0.0102     0.148       154       640    0.4045    0.9599    0.8955    0.6178   0.02908    0.0845  0.004882
    29/299     11.6G   0.03482   0.09987  0.009814    0.1445       123       640    0.4295    0.9272    0.8441    0.5781   0.02949   0.08474   0.01256
    30/299     11.6G   0.03442    0.1004  0.009353    0.1442       149       640    0.4089    0.9533    0.8942    0.6233   0.02854   0.08541  0.006607
    31/299     11.6G   0.03417   0.09929  0.009384    0.1428       179       640    0.4224    0.9653    0.9172    0.6467   0.02819   0.08098  0.004152
    32/299     11.6G   0.03422   0.09924   0.00856     0.142       136       640    0.4022    0.9662    0.9211    0.6501   0.02771   0.08276  0.004599
    33/299     11.6G   0.03345   0.09581  0.008432    0.1377       166       640    0.5126     0.951    0.9194    0.6494   0.02836   0.07815  0.004902
    34/299     11.6G   0.03348   0.09612  0.008781    0.1384       150       640    0.3865    0.9652    0.9121    0.6464   0.02789   0.08148  0.005435
    35/299     11.6G   0.03336   0.09623  0.007988    0.1376       175       640     0.435    0.9628    0.9195    0.6555   0.02757   0.07874  0.004193
    36/299     11.6G   0.03356   0.09672  0.007376    0.1377       198       640    0.4804    0.9615    0.9208    0.6589   0.02711   0.07638  0.005549
    37/299     11.6G   0.03279   0.09461  0.007854    0.1352       154       640    0.4042    0.9609    0.9195     0.657   0.02702   0.07981  0.004539
    38/299     11.6G   0.03253    0.0941  0.007405     0.134       187       640    0.4252    0.9689    0.9271    0.6655   0.02713   0.07665  0.004135
    39/299     11.6G   0.03201   0.09433   0.00671    0.1331       167       640    0.4925    0.9694    0.9387    0.6852   0.02659   0.07529   0.00354
    40/299     11.6G   0.03222   0.09267  0.006193    0.1311       180       640    0.4842    0.9678    0.9391    0.6865   0.02637   0.07426  0.004317
    41/299     11.6G   0.03205   0.09239  0.006176    0.1306       195       640    0.4682    0.9761    0.9472    0.6864   0.02623   0.07355   0.00271
    42/299     11.6G   0.03145   0.09149  0.006434    0.1294       165       640    0.4365    0.9785    0.9522    0.6987   0.02583   0.07396  0.002578
    43/299     11.6G   0.03128   0.08993  0.006272    0.1275       151       640    0.4449    0.9761     0.948    0.6867   0.02572   0.07408  0.002494
    44/299     11.6G   0.03147   0.08917  0.006673    0.1273       154       640    0.4822    0.9785    0.9512    0.6978   0.02532   0.07168  0.003368
    45/299     11.6G    0.0308   0.09004  0.005998    0.1268       144       640    0.4568    0.9728    0.9423    0.6977   0.02507   0.07131  0.004438
    46/299     11.6G   0.03069    0.0878  0.005843    0.1243       151       640    0.5111    0.9786    0.9569    0.7121   0.02475   0.07016  0.002631
    47/299     11.6G   0.03057   0.08707  0.005914    0.1236       159       640    0.4548    0.9813    0.9633    0.7216   0.02466   0.07088  0.001856
    48/299     11.6G   0.03017   0.08649  0.005418    0.1221       192       640    0.5467    0.9835    0.9715    0.7276   0.02449   0.06612  0.001375
    49/299     11.6G   0.03014   0.08586  0.005199    0.1212       151       640    0.5167     0.982    0.9632     0.722   0.02438    0.0671  0.002869
    50/299     11.6G   0.02999   0.08638   0.00506    0.1214       209       640    0.4871    0.9875    0.9701    0.7263   0.02422   0.06935  0.001366
    51/299     11.6G   0.03003   0.08751  0.005491     0.123       161       640    0.4602    0.9887     0.972     0.733   0.02397   0.06854  0.001136
    52/299     11.6G   0.02971   0.08597   0.00486    0.1205       161       640    0.4813    0.9854    0.9712    0.7358   0.02378   0.06724  0.001458
    53/299     11.6G   0.02916   0.08359  0.005081    0.1178       132       640     0.562    0.9824    0.9723     0.744   0.02357   0.06354  0.001411
    54/299     11.6G   0.02925   0.08411   0.00478    0.1181       196       640    0.4978    0.9856    0.9727    0.7428   0.02341   0.06496  0.001253
    55/299     11.6G   0.02891   0.08269  0.004631    0.1162       131       640    0.4814     0.989    0.9717    0.7432   0.02353   0.06614  0.001626
    56/299     11.6G   0.02875   0.08323  0.004167    0.1161       150       640    0.5044    0.9876    0.9743    0.7501   0.02315   0.06594  0.001169
    57/299     11.6G   0.02854   0.08139  0.004553    0.1145       164       640    0.5214    0.9868    0.9763    0.7508   0.02321   0.06325   0.00125
    58/299     11.6G   0.02848    0.0821  0.003991    0.1146       174       640    0.5005    0.9896    0.9751    0.7501   0.02284   0.06317  0.001232
    59/299     11.6G   0.02839   0.08196  0.004542    0.1149       195       640     0.531    0.9835    0.9727    0.7497   0.02273   0.06312  0.001161
    60/299     11.6G   0.02833   0.08003   0.00444    0.1128       133       640    0.4968    0.9906    0.9797    0.7593   0.02263   0.06301 0.0009494
    61/299     11.6G    0.0279   0.08036  0.004548    0.1128       160       640     0.583    0.9854    0.9779    0.7584   0.02255   0.05973  0.001447
    62/299     11.6G   0.02789   0.08104  0.004324    0.1133       134       640    0.4905    0.9905    0.9795    0.7642   0.02212   0.06289  0.001173
    63/299     11.6G   0.02778   0.07984  0.004216    0.1118       185       640    0.5019    0.9905    0.9822    0.7686   0.02202   0.06172  0.001108
    64/299     11.6G   0.02756   0.07909    0.0046    0.1112       168       640    0.5111      0.99    0.9806    0.7667   0.02201   0.06149  0.001412
    65/299     11.6G   0.02772   0.07943   0.00455    0.1117       287       640    0.5486    0.9898    0.9829    0.7759   0.02192   0.05874 0.0008596
    66/299     11.6G   0.02729   0.07761  0.004663    0.1096       130       640    0.5433    0.9899    0.9789    0.7713   0.02176   0.05874  0.001414
    67/299     11.6G   0.02707   0.07746  0.004522    0.1091       194       640    0.5215    0.9894     0.979    0.7708   0.02171   0.05978  0.001169
    68/299     11.6G   0.02738   0.07873  0.004313    0.1104       167       640    0.5403    0.9923    0.9835    0.7782   0.02153   0.05943 0.0007012
    69/299     11.6G   0.02696   0.07824  0.004168    0.1094       184       640    0.5405    0.9929    0.9844    0.7841   0.02125   0.05963 0.0007621
    70/299     11.6G    0.0267   0.07611  0.003704    0.1065       199       640    0.5081    0.9934     0.985    0.7749   0.02177    0.0597 0.0009671
    71/299     11.6G    0.0266   0.07704  0.003793    0.1074       207       640    0.5246     0.993    0.9861    0.7782   0.02117   0.05927  0.000558
    72/299     11.6G   0.02598   0.07501  0.003899    0.1049       141       640    0.5573    0.9928    0.9843    0.7825   0.02086   0.05694  0.001051
    73/299     11.6G   0.02668   0.07668  0.003647     0.107       153       640    0.5387    0.9933    0.9876    0.7868   0.02095    0.0579 0.0006281
    74/299     11.6G   0.02647   0.07642  0.003644    0.1065       155       640    0.5907    0.9893    0.9839     0.789    0.0208   0.05491  0.001108
    75/299     11.6G   0.02581   0.07453  0.003793    0.1041       183       640    0.5618    0.9927    0.9853    0.7917   0.02048    0.0563 0.0008417
    76/299     11.6G   0.02615    0.0753  0.003534     0.105       155       640    0.6037    0.9929    0.9877    0.8001   0.02049   0.05419 0.0006296
    77/299     11.6G   0.02586   0.07361  0.003472    0.1029       132       640    0.5706    0.9929    0.9877    0.7973   0.02029   0.05494 0.0004749
    78/299     11.6G   0.02553   0.07314  0.003204    0.1019       198       640    0.5579    0.9949    0.9888    0.7968   0.02008    0.0558 0.0005568
    79/299     11.6G   0.02549   0.07444   0.00332    0.1032       170       640    0.5564     0.993    0.9882    0.8001   0.02008   0.05513 0.0005187
    80/299     11.6G   0.02554   0.07356  0.003227    0.1023       154       640    0.6155    0.9938    0.9901    0.8066   0.01974   0.05211 0.0004756
    81/299     11.6G   0.02538   0.07324  0.002995    0.1016       140       640    0.5632    0.9938    0.9889    0.8065   0.01978   0.05434 0.0005582
    82/299     11.6G   0.02479    0.0728   0.00325    0.1008       178       640    0.5839    0.9935    0.9895    0.8043   0.01962    0.0539 0.0005584
    83/299     11.6G   0.02497   0.07246  0.003062    0.1005       208       640    0.6188    0.9942    0.9916    0.8124   0.01922   0.05196    0.0004
    84/299     11.6G   0.02504   0.07256  0.003271    0.1009       128       640     0.557    0.9952    0.9904    0.8067   0.01954   0.05275 0.0005705
    85/299     11.6G   0.02462   0.07277  0.002951    0.1003       185       640    0.5803    0.9959    0.9919     0.815   0.01893   0.05236 0.0003705
    86/299     11.6G   0.02499   0.07237  0.003322    0.1007       218       640    0.5352    0.9957    0.9905    0.8083   0.01926    0.0543 0.0004122
    87/299     11.6G   0.02475   0.07145  0.003127   0.09932       160       640    0.5688     0.996    0.9914     0.814   0.01904    0.0529 0.0004235
    88/299     11.6G   0.02479   0.07153  0.003244   0.09956       140       640    0.5428    0.9963    0.9906    0.8111    0.0192   0.05218  0.000423
    89/299     11.6G   0.02455   0.07097  0.003185   0.09871       195       640    0.6249    0.9945    0.9911    0.8199   0.01886   0.05145 0.0004051
    90/299     11.6G   0.02444   0.07043  0.003206   0.09807       139       640    0.5976    0.9947    0.9918    0.8186   0.01885   0.05093 0.0003838
    91/299     11.6G   0.02396   0.07127  0.002849   0.09808       159       640     0.609    0.9957    0.9912    0.8214   0.01833   0.05038 0.0008285
    92/299     11.6G   0.02419   0.07056  0.003011   0.09776       180       640    0.6092    0.9952    0.9918    0.8277   0.01816   0.04938 0.0006549
    93/299     11.6G   0.02389   0.06992  0.003229   0.09703       155       640    0.5894    0.9956    0.9922    0.8245   0.01823   0.05012 0.0003473
    94/299     11.6G   0.02394   0.07048  0.003403   0.09783       155       640    0.5929    0.9964    0.9922    0.8266   0.01831   0.05011  0.000293
    95/299     11.6G   0.02396   0.06978  0.003064    0.0968       180       640    0.6196    0.9952    0.9909    0.8275   0.01798    0.0488 0.0006398
    96/299     11.6G   0.02351   0.06827  0.003066   0.09485       165       640    0.6361    0.9953    0.9923    0.8271   0.01809   0.04823 0.0002807
    97/299     11.6G   0.02379   0.06921  0.002767   0.09577       187       640    0.6158    0.9958    0.9919    0.8285   0.01789   0.04967 0.0003886
    98/299     11.6G   0.02342   0.06911  0.002862   0.09539       150       640     0.598    0.9965    0.9929     0.836   0.01757   0.04919 0.0002904
    99/299     11.6G   0.02312   0.06807  0.002573   0.09376       158       640     0.618    0.9973    0.9928    0.8362   0.01753   0.04785 0.0003413
   100/299     11.6G   0.02318    0.0685  0.002815   0.09449       197       640    0.6412    0.9955     0.993    0.8382   0.01736   0.04763 0.0003458
   101/299     11.6G   0.02346    0.0679  0.002812   0.09417       159       640    0.5917    0.9953    0.9926    0.8359   0.01746   0.04879 0.0003706
   102/299     11.6G   0.02295   0.06858  0.002662   0.09419       164       640     0.607    0.9964    0.9932    0.8397   0.01725   0.04824 0.0003258
   103/299     11.6G   0.02323   0.06824  0.002666   0.09414       192       640    0.6387    0.9962    0.9933    0.8402   0.01722   0.04652 0.0002702
   104/299     11.6G   0.02266   0.06737  0.002511   0.09254       182       640     0.599    0.9969    0.9935    0.8413   0.01701   0.04748 0.0002831
   105/299     11.6G   0.02266   0.06718  0.002296   0.09214       164       640     0.616     0.996     0.993    0.8383   0.01697   0.04729 0.0004426
   106/299     11.6G   0.02257   0.06653  0.002405   0.09151       181       640    0.5963    0.9968    0.9934    0.8404   0.01712   0.04682 0.0002827
   107/299     11.6G   0.02284   0.06628  0.002617   0.09173       252       640    0.6139    0.9958    0.9933    0.8444   0.01684   0.04672 0.0002643
   108/299     11.6G   0.02254   0.06607  0.002535   0.09114       135       640    0.6374    0.9969    0.9935    0.8477    0.0166    0.0459 0.0002738
   109/299     11.6G   0.02262   0.06599  0.002145   0.09076       149       640    0.6275    0.9971    0.9937     0.847   0.01665   0.04566   0.00025
   110/299     11.6G   0.02236   0.06596  0.002529   0.09084       169       640    0.6216    0.9964    0.9937    0.8434   0.01669   0.04605 0.0002833
   111/299     11.6G    0.0221   0.06571   0.00245   0.09026       136       640    0.6214    0.9967    0.9938    0.8472   0.01657   0.04595 0.0002679
   112/299     11.6G   0.02217   0.06482  0.002449   0.08943       224       640    0.6185    0.9972    0.9937    0.8496   0.01634    0.0455 0.0002454
   113/299     11.6G   0.02174   0.06529  0.002446   0.08948       142       640    0.6331    0.9963    0.9937    0.8541   0.01611   0.04463 0.0002301
   114/299     11.6G   0.02222   0.06413  0.002427   0.08878       141       640    0.6152    0.9966    0.9938    0.8527   0.01619   0.04517 0.0002433
   115/299     11.6G   0.02193   0.06473   0.00253   0.08919       187       640    0.6143    0.9965    0.9935    0.8503    0.0162   0.04508 0.0002682
   116/299     11.6G   0.02192   0.06509   0.00239    0.0894       181       640     0.648    0.9959    0.9933    0.8533   0.01614    0.0446 0.0002749
   117/299     11.6G   0.02142    0.0638  0.002287   0.08751       167       640    0.6527    0.9958    0.9936    0.8578   0.01602   0.04328 0.0002598
   118/299     11.6G   0.02175   0.06456  0.002268   0.08858       185       640    0.6506    0.9959    0.9941    0.8584    0.0159   0.04421 0.0002223
   119/299     11.6G   0.02141   0.06386  0.002269   0.08754       181       640    0.6375    0.9964    0.9939     0.858   0.01585   0.04362 0.0002897
   120/299     11.6G   0.02134   0.06327  0.002291    0.0869       144       640    0.6517    0.9971     0.994    0.8571   0.01581    0.0438 0.0002313
   121/299     11.6G   0.02157   0.06347  0.002414   0.08746       176       640    0.6315    0.9959    0.9939    0.8598   0.01569   0.04368 0.0002086
   122/299     11.6G    0.0212   0.06352  0.002229   0.08695       151       640     0.645    0.9972    0.9938    0.8583   0.01561   0.04303 0.0002267
   123/299     11.6G   0.02131   0.06316  0.002035   0.08651       174       640     0.638     0.997    0.9939    0.8613   0.01551   0.04268 0.0002028
   124/299     11.6G   0.02141   0.06284  0.001996   0.08625       133       640    0.6617    0.9965    0.9939    0.8619   0.01533   0.04259 0.0002136
   125/299     11.6G   0.02121   0.06298  0.002094   0.08628       217       640    0.6383    0.9972    0.9939    0.8638    0.0153   0.04245  0.000216
   126/299     11.6G   0.02123   0.06202  0.002289   0.08554       182       640    0.6462    0.9975    0.9942    0.8651   0.01531   0.04275 0.0002237
   127/299     11.6G   0.02084   0.06286  0.002022   0.08572       174       640    0.6474    0.9971    0.9941    0.8674   0.01511   0.04248 0.0001991
   128/299     11.6G   0.02103   0.06275  0.002086   0.08587       149       640     0.635     0.997    0.9941    0.8659   0.01512    0.0429 0.0001936
   129/299     11.6G   0.02069    0.0627  0.002199   0.08559       178       640    0.6622    0.9964    0.9943     0.867   0.01488     0.042  0.000192
   130/299     11.6G    0.0204   0.06111  0.002022   0.08353       212       640    0.6587    0.9963    0.9938    0.8691   0.01494    0.0416 0.0001975
   131/299     11.6G   0.02072   0.06151  0.002155   0.08438       151       640    0.6333    0.9974    0.9941    0.8682   0.01498   0.04196 0.0001966
   132/299     11.6G   0.02036   0.05999  0.001963   0.08232       149       640    0.6757     0.997    0.9944    0.8712   0.01472   0.04046 0.0001892
   133/299     11.6G    0.0205   0.06134  0.002133   0.08398       226       640    0.6492    0.9966    0.9945    0.8733   0.01475   0.04148 0.0001709
   134/299     11.6G   0.02043   0.06116  0.001902   0.08348       163       640    0.6597    0.9973    0.9943    0.8714   0.01465   0.04121  0.000179
   135/299     11.6G   0.02008   0.06067  0.001953    0.0827       163       640    0.6499    0.9973    0.9942    0.8727   0.01448   0.04126 0.0001735
   136/299     11.6G   0.02018   0.06034  0.002139   0.08266       154       640     0.679    0.9976    0.9943    0.8738   0.01444   0.04058 0.0001714
   137/299     11.6G   0.02018   0.05991  0.002077   0.08217       191       640    0.6498    0.9964    0.9943    0.8732   0.01438   0.04154 0.0001826
   138/299     11.6G   0.02037   0.06035  0.002141   0.08286       175       640    0.6831    0.9973    0.9945    0.8764   0.01422   0.04004   0.00017
   139/299     11.6G   0.01985   0.05949  0.002036   0.08138       126       640     0.667    0.9971    0.9944    0.8766   0.01424   0.04025 0.0001687
   140/299     11.6G   0.02005   0.05818  0.001964    0.0802       162       640    0.6652    0.9973    0.9944    0.8778   0.01422   0.03976 0.0001671
   141/299     11.6G   0.01969    0.0593  0.001737   0.08073       144       640    0.6743    0.9969    0.9945    0.8785   0.01418   0.03936 0.0001601
   142/299     11.6G   0.01985   0.05912  0.001657   0.08062       118       640    0.6731    0.9967    0.9942    0.8811   0.01406   0.03914 0.0001583
   143/299     11.6G   0.01977   0.05824  0.001862   0.07987       180       640    0.6678    0.9972    0.9942    0.8798   0.01396   0.03914 0.0001521
   144/299     11.6G   0.01968    0.0589  0.001797   0.08038       150       640    0.6681    0.9969    0.9943    0.8804   0.01388   0.03934 0.0001634
   145/299     11.6G   0.01964   0.05858  0.001657   0.07988       174       640    0.6854    0.9977    0.9944    0.8821   0.01379   0.03876 0.0001597
   146/299     11.6G   0.01945   0.05786  0.001653   0.07896       182       640    0.6652    0.9971    0.9945    0.8823   0.01382   0.03887  0.000173
   147/299     11.6G   0.01924   0.05832  0.001808   0.07936       157       640    0.6756    0.9968    0.9945    0.8855   0.01374    0.0386 0.0001442
   148/299     11.6G   0.01938   0.05781  0.001846   0.07904       156       640    0.6764    0.9971    0.9946    0.8865   0.01358   0.03837 0.0001482
   149/299     11.6G   0.01918   0.05866  0.001708   0.07955       161       640    0.6867    0.9971    0.9945     0.886   0.01351   0.03819 0.0001536
   150/299     11.6G    0.0193   0.05774   0.00173   0.07876       108       640    0.6773    0.9973    0.9945    0.8877   0.01352   0.03855 0.0001559
   151/299     11.6G   0.01916   0.05767  0.001974    0.0788       221       640    0.6732    0.9971    0.9945    0.8872   0.01348    0.0382 0.0001574
   152/299     11.6G   0.01929   0.05821  0.001658   0.07915       219       640    0.6812    0.9973    0.9942    0.8874    0.0134   0.03837  0.000141
   153/299     11.6G   0.01889   0.05784  0.001633   0.07837       134       640    0.6828    0.9973    0.9944    0.8883   0.01331   0.03825 0.0001354
   154/299     11.6G   0.01889   0.05664  0.001721   0.07725       199       640     0.677    0.9971    0.9945    0.8884   0.01328    0.0382   0.00013
   155/299     11.6G   0.01886   0.05657  0.001713   0.07714       282       640    0.6979    0.9973    0.9944    0.8904   0.01314   0.03734 0.0001292
   156/299     11.6G   0.01872   0.05621  0.001635   0.07657       207       640    0.6931    0.9969    0.9945    0.8904   0.01308   0.03726 0.0001335
   157/299     11.6G   0.01886    0.0564  0.001735     0.077       185       640    0.6944    0.9971    0.9945    0.8917   0.01301    0.0373 0.0001315
   158/299     11.6G   0.01877   0.05588  0.001644    0.0763       130       640     0.686    0.9971    0.9945    0.8926   0.01297   0.03739 0.0001292
   159/299     11.6G   0.01857   0.05589  0.001572   0.07604       179       640    0.6841    0.9971    0.9946    0.8934   0.01296   0.03736 0.0001323
   160/299     11.6G   0.01842   0.05629  0.001428   0.07613       133       640    0.6949    0.9971    0.9945    0.8942   0.01288   0.03684 0.0001257
   161/299     11.6G   0.01814    0.0551  0.001476   0.07472       158       640    0.6818    0.9971    0.9944    0.8939   0.01287    0.0366 0.0001258
   162/299     11.6G   0.01839   0.05408  0.001672   0.07414       200       640    0.6833    0.9973    0.9947    0.8956   0.01284   0.03665 0.0001236
   163/299     11.6G   0.01853   0.05602  0.001562   0.07611       144       640    0.6913    0.9974    0.9947    0.8953   0.01279   0.03593 0.0001269
   164/299     11.6G   0.01824   0.05476  0.001554   0.07455       193       640    0.6906    0.9973    0.9947     0.898   0.01267   0.03597 0.0001354
   165/299     11.6G   0.01837   0.05573  0.001435   0.07553       158       640    0.6908    0.9973    0.9947    0.8982   0.01261   0.03576 0.0001346
   166/299     11.6G   0.01818   0.05472  0.001585   0.07448       227       640    0.6917    0.9973    0.9946    0.8992   0.01254   0.03572 0.0001288
   167/299     11.6G   0.01785   0.05439  0.001457    0.0737       122       640    0.6904    0.9975    0.9948    0.9002   0.01249   0.03553  0.000125
   168/299     11.6G   0.01806   0.05444  0.001398    0.0739       170       640    0.6924    0.9977    0.9947    0.9005   0.01247   0.03548 0.0001199
   169/299     11.6G   0.01808   0.05581  0.002162   0.07605       231       640    0.6933    0.9974    0.9947    0.8997   0.01242   0.03539 0.0001233
   170/299     11.6G   0.01817   0.05493   0.00185   0.07495       137       640    0.6916    0.9972    0.9946    0.8997   0.01249   0.03548 0.0001141
   171/299     11.6G   0.01795   0.05397  0.001619   0.07354       185       640    0.6911    0.9975    0.9947    0.9008   0.01244   0.03538 0.0001115
   172/299     11.6G   0.01797    0.0543  0.001551   0.07382       193       640    0.6867    0.9977    0.9947    0.9011   0.01237    0.0351 0.0001079
   173/299     11.6G   0.01758   0.05309  0.001543   0.07221       215       640    0.6865    0.9977    0.9947    0.9022   0.01231   0.03502 0.0001103
   174/299     11.6G   0.01759    0.0533   0.00123   0.07211       163       640    0.6927    0.9975    0.9947    0.9041   0.01225   0.03483 0.0001096
   175/299     11.6G   0.01769   0.05411   0.00135   0.07315       163       640    0.6981    0.9977    0.9948    0.9044   0.01218    0.0348 0.0001103
   176/299     11.6G   0.01741   0.05278  0.001476   0.07167       147       640    0.7021    0.9977    0.9948    0.9065   0.01214    0.0346 0.0001115
   177/299     11.6G   0.01734   0.05317  0.001429   0.07194       175       640    0.6955    0.9974    0.9947    0.9056   0.01211   0.03468 0.0001084
   178/299     11.6G   0.01739    0.0524  0.001555   0.07135       148       640    0.6997    0.9973    0.9948    0.9059   0.01208   0.03441 0.0001073
   179/299     11.6G   0.01709   0.05116  0.001367   0.06961       223       640     0.705    0.9973    0.9948    0.9058   0.01201   0.03412 0.0001073
   180/299     11.6G   0.01728   0.05272   0.00137   0.07137       198       640    0.7085    0.9969    0.9949    0.9064   0.01198    0.0337 0.0001051
   181/299     11.6G   0.01726   0.05266  0.001209   0.07114       203       640    0.7009    0.9969    0.9949    0.9066   0.01194   0.03381 0.0001031
   182/299     11.6G   0.01708   0.05204  0.001336   0.07046       180       640    0.7092    0.9969    0.9949    0.9075    0.0119   0.03342 0.0001015
   183/299     11.6G   0.01701   0.05196  0.001455   0.07042       177       640     0.701     0.997    0.9949     0.908   0.01185   0.03353 0.0001007
   184/299     11.6G   0.01687   0.05128  0.001233   0.06939       166       640    0.7064    0.9969    0.9949     0.908   0.01181   0.03319 9.809e-05
   185/299     11.6G   0.01695   0.05097  0.001159   0.06908       156       640    0.7101    0.9969    0.9949    0.9079   0.01175   0.03313 9.809e-05
   186/299     11.6G   0.01685   0.05123  0.001403   0.06948       205       640    0.7146    0.9971    0.9949    0.9089   0.01166   0.03309 9.749e-05
   187/299     11.6G   0.01687   0.05185  0.001384   0.07009       200       640    0.7131    0.9971    0.9949    0.9102   0.01161   0.03323  9.69e-05
   188/299     11.6G   0.01682   0.05111  0.001379   0.06931       198       640    0.7073    0.9972    0.9949    0.9114   0.01157   0.03331 9.418e-05
   189/299     11.6G   0.01684   0.05137  0.001191   0.06941       206       640    0.7087    0.9973    0.9949    0.9128   0.01154   0.03324  9.53e-05
   190/299     11.6G   0.01646   0.05038  0.001262    0.0681       253       640    0.7164    0.9975    0.9949    0.9124   0.01149   0.03308 9.424e-05
   191/299     11.6G   0.01654   0.05144    0.0011   0.06908       163       640    0.7142    0.9973    0.9948    0.9141   0.01141   0.03306 9.273e-05
   192/299     11.6G   0.01646   0.05051  0.001143   0.06811       192       640    0.7135    0.9973    0.9948    0.9147   0.01135    0.0329 9.213e-05
   193/299     11.6G    0.0165   0.05001  0.001177   0.06769       205       640    0.7115    0.9973    0.9949     0.914   0.01132   0.03263 9.195e-05
   194/299     11.6G   0.01634   0.04975  0.001209    0.0673       198       640    0.7152    0.9973    0.9948    0.9167   0.01128   0.03234 9.403e-05
   195/299     11.6G   0.01622   0.04978  0.001187   0.06719       177       640    0.7177    0.9973    0.9948    0.9177   0.01121   0.03203  9.32e-05
   196/299     11.6G   0.01624   0.04964  0.001137   0.06702       169       640     0.721    0.9974    0.9947    0.9183   0.01118   0.03191 8.868e-05
   197/299     11.6G   0.01617   0.04932  0.001177   0.06667       145       640    0.7218    0.9974    0.9948    0.9174   0.01115   0.03177 8.698e-05
   198/299     11.6G   0.01622   0.04976  0.001459   0.06745       207       640    0.7244    0.9974    0.9948    0.9177   0.01114    0.0318 8.678e-05
   199/299     11.6G    0.0159   0.04949   0.00108   0.06648       188       640    0.7305    0.9978    0.9948    0.9195   0.01107   0.03168  8.48e-05
   200/299     11.6G    0.0159   0.04827  0.001064   0.06524       232       640    0.7286    0.9978    0.9948    0.9192   0.01102   0.03145 8.317e-05
   201/299     11.6G   0.01607    0.0486  0.001127    0.0658       142       640    0.7265    0.9977    0.9948    0.9193   0.01096   0.03134 8.264e-05
   202/299     11.6G   0.01591   0.04843  0.001089   0.06542       199       640    0.7316    0.9976    0.9948    0.9199   0.01086   0.03108 8.262e-05
   203/299     11.6G   0.01588   0.04798 0.0009856   0.06484       170       640    0.7299    0.9974    0.9948    0.9201   0.01081   0.03097 8.042e-05
   204/299     11.6G   0.01578   0.04841  0.001035   0.06523       154       640    0.7343    0.9976    0.9947    0.9203   0.01076   0.03059 7.885e-05
   205/299     11.6G   0.01594   0.04808  0.001014   0.06503       142       640    0.7344    0.9976    0.9947     0.921    0.0107   0.03054  7.81e-05
   206/299     11.6G   0.01558   0.04808  0.001024   0.06468       178       640    0.7296    0.9976    0.9947    0.9218   0.01068    0.0305 7.647e-05
   207/299     11.6G   0.01574   0.04833 0.0009774   0.06505       177       640    0.7319    0.9976    0.9947    0.9218   0.01066   0.03037 7.546e-05
   208/299     11.6G   0.01565   0.04764 0.0009752   0.06427       198       640    0.7327    0.9976    0.9947    0.9225   0.01064   0.03039 7.436e-05
   209/299     11.6G   0.01547   0.04783   0.00109   0.06439       153       640    0.7318    0.9978    0.9947    0.9229    0.0106   0.03037  7.52e-05
   210/299     11.6G   0.01567   0.04809  0.001116   0.06487       191       640    0.7305    0.9978    0.9948    0.9226   0.01055   0.03033 7.513e-05
   211/299     11.6G    0.0155   0.04725  0.001131   0.06388       145       640    0.7317    0.9978    0.9948    0.9234   0.01053   0.03028 7.432e-05
   212/299     11.6G   0.01534   0.04685 0.0009603   0.06315       178       640    0.7337    0.9978    0.9948    0.9236   0.01049   0.03025 7.324e-05
   213/299     11.6G   0.01531    0.0468  0.001024   0.06313       148       640    0.7333    0.9978    0.9948    0.9235   0.01045   0.03009 7.265e-05
   214/299     11.6G   0.01506   0.04663 0.0009814   0.06267       178       640    0.7357    0.9978    0.9948    0.9243   0.01041   0.02995 7.212e-05
   215/299     11.6G   0.01523   0.04644  0.001031   0.06271       155       640    0.7353    0.9978    0.9948     0.925   0.01035   0.02989 7.121e-05
   216/299     11.6G   0.01506   0.04632 0.0009446   0.06233       195       640    0.7399    0.9978    0.9949    0.9272   0.01029   0.02966 6.952e-05
   217/299     11.6G   0.01523   0.04654 0.0009344    0.0627       161       640    0.7415    0.9978    0.9949    0.9276   0.01025   0.02945 6.835e-05
   218/299     11.6G   0.01513   0.04532 0.0008355   0.06128       168       640     0.742    0.9978    0.9949    0.9278   0.01023   0.02934 6.774e-05
   219/299     11.6G   0.01482   0.04575 0.0009255    0.0615       204       640    0.7405    0.9977    0.9949    0.9294    0.0102   0.02927 6.735e-05
   220/299     11.6G   0.01499   0.04502 0.0009957     0.061       223       640    0.7464    0.9977    0.9949    0.9302   0.01016   0.02913 6.644e-05
   221/299     11.6G   0.01502   0.04576 0.0009718   0.06176       207       640    0.7466    0.9977    0.9949      0.93   0.01014    0.0291 6.579e-05
   222/299     11.6G   0.01478   0.04543 0.0007886     0.061       170       640    0.7442    0.9977    0.9949    0.9301    0.0101   0.02905 6.519e-05
   223/299     11.6G   0.01475   0.04479 0.0008649   0.06041       181       640    0.7459    0.9977    0.9949    0.9307   0.01006   0.02895 6.434e-05
   224/299     11.6G   0.01484   0.04507 0.0009296   0.06084       192       640    0.7509    0.9974    0.9949    0.9312   0.01003   0.02886 6.369e-05
   225/299     11.6G   0.01463   0.04581 0.0008212   0.06126       190       640    0.7515    0.9977    0.9949    0.9316   0.01002   0.02881 6.301e-05
   226/299     11.6G   0.01472   0.04483 0.0008078   0.06036       184       640    0.7524    0.9974    0.9949     0.932   0.01001   0.02868 6.225e-05
   227/299     11.6G   0.01465   0.04469 0.0009449   0.06028       209       640    0.7497    0.9978    0.9949    0.9327  0.009994   0.02864 6.104e-05
   228/299     11.6G   0.01468   0.04497 0.0008667   0.06052       227       640    0.7512    0.9978    0.9949    0.9329  0.009981    0.0286 6.041e-05
   229/299     11.6G   0.01446   0.04508 0.0008121   0.06035       133       640     0.753    0.9978    0.9949    0.9331  0.009969   0.02853  5.91e-05
   230/299     11.6G   0.01426   0.04453 0.0008475   0.05964       135       640    0.7536    0.9978    0.9949    0.9328  0.009943   0.02845 5.841e-05
   231/299     11.6G   0.01447   0.04444 0.0008672   0.05977       167       640     0.753    0.9978    0.9949     0.933   0.00991   0.02837 5.767e-05
   232/299     11.6G   0.01443   0.04326 0.0008445   0.05854       204       640     0.753    0.9978    0.9949    0.9337  0.009878    0.0283 5.713e-05
   233/299     11.6G   0.01439   0.04391 0.0008578   0.05916       216       640    0.7555    0.9978    0.9949     0.934  0.009837   0.02821  5.68e-05
   234/299     11.6G   0.01434    0.0437  0.000762    0.0588       179       640    0.7564    0.9978    0.9949    0.9339  0.009808   0.02813 5.632e-05
   235/299     11.6G   0.01424   0.04321 0.0008103   0.05826       124       640    0.7556    0.9978    0.9949    0.9347  0.009773   0.02804 5.579e-05
   236/299     11.6G   0.01415   0.04301 0.0007322   0.05789       180       640    0.7546    0.9978    0.9949    0.9354  0.009737   0.02795 5.521e-05
   237/299     11.6G   0.01423   0.04365 0.0007733   0.05866       190       640    0.7565    0.9978    0.9949    0.9354  0.009708   0.02789 5.474e-05
   238/299     11.6G   0.01419   0.04255 0.0008932   0.05763       171       640    0.7586    0.9978    0.9949    0.9361   0.00967   0.02777 5.411e-05
   239/299     11.6G   0.01408    0.0434 0.0006944   0.05818       173       640    0.7619    0.9978    0.9949    0.9363  0.009652   0.02761 5.383e-05
   240/299     11.6G   0.01396   0.04278 0.0008302   0.05756       164       640    0.7614    0.9978    0.9949    0.9369  0.009616   0.02746 5.339e-05
   241/299     11.6G   0.01391   0.04287  0.000693   0.05747       218       640    0.7594    0.9978    0.9949    0.9365  0.009595   0.02735 5.295e-05
   242/299     11.6G   0.01397   0.04219 0.0007807   0.05695       156       640     0.759    0.9978    0.9949     0.937  0.009564   0.02728 5.228e-05
   243/299     11.6G   0.01414   0.04203 0.0009025   0.05707       165       640    0.7575    0.9978    0.9949    0.9377  0.009538   0.02722 5.195e-05
   244/299     11.6G    0.0139   0.04208  0.000714   0.05669       147       640    0.7594    0.9978    0.9949    0.9381  0.009509   0.02714 5.149e-05
   245/299     11.6G   0.01395   0.04261 0.0006184   0.05718       162       640    0.7577    0.9978    0.9949    0.9382  0.009494   0.02708 5.078e-05
   246/299     11.6G   0.01385   0.04205 0.0007755   0.05667       157       640    0.7576    0.9978    0.9949    0.9387  0.009476   0.02699 5.009e-05
   247/299     11.6G   0.01387   0.04206 0.0007748    0.0567       154       640    0.7571    0.9978    0.9949    0.9387  0.009457   0.02693  4.97e-05
   248/299     11.6G    0.0137   0.04197 0.0007474   0.05642       169       640    0.7582    0.9978    0.9949    0.9386  0.009437   0.02685 4.919e-05
   249/299     11.6G    0.0136   0.04152 0.0007233   0.05584       197       640    0.7587    0.9978    0.9949    0.9387  0.009416   0.02677 4.884e-05
   250/299     11.6G   0.01355   0.04138 0.0007811   0.05571       173       640    0.7585    0.9978    0.9949    0.9394    0.0094   0.02668 4.833e-05
   251/299     11.6G   0.01351   0.04237 0.0006578   0.05653       141       640    0.7598    0.9978    0.9949    0.9405  0.009377    0.0266 4.766e-05
   252/299     11.6G   0.01347   0.04073 0.0006935    0.0549       178       640    0.7605    0.9978    0.9949     0.941  0.009353   0.02654 4.717e-05
   253/299     11.6G   0.01366   0.04138 0.0008555    0.0559       141       640    0.7603    0.9978    0.9949     0.941  0.009341   0.02646 4.675e-05
   254/299     11.6G   0.01354   0.04122 0.0006644   0.05542       139       640    0.7612    0.9978    0.9949    0.9415  0.009318   0.02641 4.624e-05
   255/299     11.6G   0.01358   0.04104 0.0006872   0.05531       192       640    0.7607    0.9978    0.9949    0.9412  0.009302   0.02637 4.591e-05
   256/299     11.6G   0.01347   0.04135 0.0006535   0.05547       160       640    0.7622    0.9978    0.9949    0.9414  0.009276   0.02626 4.533e-05
   257/299     11.6G   0.01329   0.04128 0.0006136   0.05518       223       640    0.7627    0.9978    0.9949    0.9417   0.00925    0.0262 4.458e-05
   258/299     11.6G   0.01331   0.04113 0.0007014   0.05514       128       640    0.7633    0.9978    0.9949     0.942  0.009235   0.02616 4.417e-05
   259/299     11.6G   0.01311   0.04088 0.0006524   0.05464       162       640     0.764    0.9978    0.9949    0.9419  0.009214   0.02609 4.368e-05
   260/299     11.6G   0.01315   0.04053 0.0007153   0.05439       171       640    0.7648    0.9978     0.995     0.942  0.009192   0.02604 4.324e-05
   261/299     11.6G   0.01311   0.04033 0.0007171   0.05415       147       640    0.7677    0.9978     0.995    0.9422  0.009174   0.02598 4.281e-05
   262/299     11.6G   0.01315   0.03998 0.0006594   0.05378       171       640    0.7692    0.9978     0.995    0.9426  0.009152    0.0259 4.237e-05
   263/299     11.6G   0.01324   0.04029 0.0006455   0.05418       191       640    0.7707    0.9978     0.995    0.9429  0.009134   0.02583  4.19e-05
   264/299     11.6G   0.01306   0.03944 0.0006992    0.0532       126       640    0.7708    0.9978     0.995    0.9435  0.009117   0.02578 4.136e-05
   265/299     11.6G   0.01301   0.03962 0.0006664   0.05329       186       640    0.7706    0.9978     0.995    0.9437  0.009103   0.02574 4.095e-05
   266/299     11.6G   0.01303   0.03962 0.0007137   0.05336       167       640     0.772    0.9978     0.995    0.9445  0.009083   0.02569 4.057e-05
   267/299     11.6G   0.01306   0.03971 0.0006434   0.05341       156       640    0.7697    0.9978     0.995    0.9446  0.009069   0.02563 4.036e-05
   268/299     11.6G   0.01303    0.0392 0.0006906   0.05292       187       640    0.7699    0.9978     0.995    0.9448  0.009057   0.02558 4.014e-05
   269/299     11.6G   0.01304   0.03906 0.0006726   0.05278       141       640    0.7706    0.9978     0.995    0.9447   0.00904   0.02552 3.992e-05
   270/299     11.6G     0.013   0.04041 0.0006719   0.05408       172       640    0.7713    0.9978     0.995    0.9444  0.009023   0.02548 3.959e-05
   271/299     11.6G   0.01301   0.03948  0.000652   0.05314       173       640    0.7719    0.9978     0.995    0.9448  0.009003   0.02545 3.921e-05
   272/299     11.6G   0.01291    0.0389 0.0006083   0.05242       194       640    0.7717    0.9978     0.995    0.9455   0.00899   0.02539 3.892e-05
   273/299     11.6G   0.01282   0.03891 0.0006352   0.05236       139       640    0.7715    0.9978     0.995    0.9454  0.008975   0.02533 3.857e-05
   274/299     11.6G    0.0127   0.03945 0.0005905   0.05274       168       640    0.7713    0.9978     0.995    0.9454  0.008964   0.02529 3.823e-05
   275/299     11.6G   0.01285   0.03914 0.0006016    0.0526       221       640    0.7723    0.9978     0.995    0.9454  0.008942   0.02526 3.785e-05
   276/299     11.6G   0.01279   0.03888 0.0006351   0.05231       126       640    0.7738    0.9978     0.995    0.9458  0.008926    0.0252 3.753e-05
   277/299     11.6G   0.01267     0.039  0.000547   0.05222       143       640    0.7743    0.9978     0.995    0.9456  0.008906   0.02517 3.728e-05
   278/299     11.6G   0.01271   0.03919 0.0006012    0.0525       153       640    0.7754    0.9978     0.995    0.9462  0.008889    0.0251   3.7e-05
   279/299     11.6G   0.01263    0.0392 0.0006709    0.0525       151       640    0.7755    0.9978     0.995    0.9459  0.008875   0.02508 3.671e-05
   280/299     11.6G   0.01267   0.03852 0.0006051    0.0518       154       640    0.7763    0.9978     0.995    0.9463  0.008857   0.02503 3.642e-05
   281/299     11.6G   0.01273    0.0387 0.0006618   0.05209       100       640    0.7755    0.9978     0.995    0.9458  0.008846     0.025 3.617e-05
   282/299     11.6G    0.0126   0.03838 0.0006516   0.05164       176       640    0.7766    0.9978     0.995    0.9464  0.008836   0.02494 3.594e-05
   283/299     11.6G   0.01271   0.03853 0.0005837   0.05182       181       640     0.778    0.9978     0.995    0.9467  0.008823   0.02489 3.574e-05
   284/299     11.6G   0.01257   0.03783 0.0005962   0.05099       134       640    0.7794    0.9978     0.995    0.9475  0.008808   0.02483 3.555e-05
   285/299     11.6G   0.01259   0.03806 0.0006206   0.05127       202       640    0.7798    0.9978     0.995    0.9474  0.008794   0.02479 3.534e-05
   286/299     11.6G   0.01255    0.0388 0.0006592     0.052       178       640    0.7797    0.9978     0.995    0.9475  0.008778   0.02476 3.519e-05
   287/299     11.6G    0.0126   0.03812 0.0005346   0.05125       156       640    0.7792    0.9978     0.995    0.9473   0.00876   0.02473 3.496e-05
   288/299     11.6G   0.01248   0.03752 0.0005929    0.0506       133       640    0.7786    0.9978     0.995    0.9474  0.008746    0.0247 3.478e-05
   289/299     11.6G   0.01256   0.03815 0.0005808    0.0513       205       640    0.7791    0.9978     0.995    0.9472  0.008739   0.02466 3.465e-05
   290/299     11.6G   0.01251   0.03773 0.0005187   0.05076       163       640    0.7795    0.9978     0.995    0.9476  0.008723   0.02462 3.449e-05
   291/299     11.6G   0.01255   0.03855 0.0005735   0.05167       138       640    0.7798    0.9978     0.995    0.9477  0.008705   0.02459 3.428e-05
   292/299     11.6G   0.01235   0.03791  0.000579   0.05084       157       640    0.7803    0.9978     0.995     0.948  0.008693   0.02457 3.416e-05
   293/299     11.6G   0.01244   0.03735 0.0005617   0.05035       170       640    0.7806    0.9978     0.995    0.9482   0.00868   0.02453 3.398e-05
   294/299     11.6G   0.01227   0.03827 0.0005064   0.05105       102       640    0.7806    0.9978     0.995    0.9478  0.008667   0.02451 3.387e-05
   295/299     11.6G   0.01251   0.03826 0.0005565   0.05132       152       640    0.7814    0.9978     0.995    0.9477  0.008656   0.02449 3.379e-05
   296/299     11.6G   0.01228   0.03796 0.0005277   0.05077       212       640    0.7812    0.9978     0.995    0.9483  0.008645   0.02448 3.366e-05
   297/299     11.6G   0.01245   0.03763 0.0005663   0.05065       198       640    0.7815    0.9978     0.995    0.9484  0.008638   0.02444 3.357e-05
   298/299     11.6G   0.01264   0.03832 0.0005287    0.0515       201       640    0.7818    0.9978     0.995    0.9489  0.008627   0.02442 3.337e-05
   299/299     11.6G   0.01231   0.03844 0.0004608   0.05121       158       640     0.782    0.9978     0.995    0.9492  0.008609   0.02439 3.317e-05
